ListWorksALL: 0:01:30.100568
ChCaWorks_install_cq: 0:00:15.684619
CHCO_works_chco_on_test1: 0:00:00.000012
