ListWorksALL: 0:09:24.016081
ChCaWorks_install_cq: 0:00:25.337414
CHCO_works_chco_on_test1: 0:00:00.000014
