ListWorksALL: 0:01:47.816155
ChCaWorks_install_cq: 0:00:18.069429
