ListWorksALL: 0:01:55.427294
ChCaWorks_install_cq: 0:00:18.018566
