ListWorksALL: 0:02:00.898097
ChCaWorks_install_cq: 0:00:17.969516
CHCO_works_chco_on_test1: 0:00:00.000011
