ListWorksALL: 0:01:53.834018
ChCaWorks_install_cq: 0:00:19.527778
CHCO_works_chco_on_test1: 0:00:00.000011
