ListWorksALL: 0:08:11.176472
ChCaWorks_install_cq: 0:00:23.092959
