ListWorksALL: 0:02:05.105432
ChCaWorks_install_cq: 0:00:21.833158
