ListWorksALL: 0:02:10.119170
ChCaWorks_install_cq: 0:00:23.795130
