ListWorksALL: 0:02:34.616978
ChCaWorks_install_cq: 0:00:18.825057
