ListWorksALL: 0:01:24.398807
ChCaWorks_install_cq: 0:00:16.973324
CHCO_works_chco_on_test1: 0:00:00.000013
