ListWorksALL: 0:01:19.664068
ChCaWorks_install_cq: 0:00:19.092317
