ListWorksALL: 0:02:00.014986
ChCaWorks_install_cq: 0:00:17.730080
CHCO_works_chco_on_test1: 0:00:00.000011
