ListWorksALL: 0:01:42.969387
ChCaWorks_install_cq: 0:00:17.086679
