ListWorksALL: 0:07:32.538739
ChCaWorks_install_cq: 0:00:22.745012
CHCO_works_chco_on_test1: 0:00:00.000014
