ListWorksALL: 0:01:33.048530
ChCaWorks_install_cq: 0:00:16.677706
CHCO_works_chco_on_test1: 0:00:00.000012
CQ format nr nall_update_cpp_asc: 0:00:30.557729
Create git list all_update_cpp_asc: 0:36:13.882883
