ListWorksALL: 0:02:07.581039
ChCaWorks_install_cq: 0:00:25.748652
