ListWorksALL: 0:01:52.101495
ChCaWorks_install_cq: 0:00:19.574820
CHCO_works_chco_on_test1: 0:00:00.000011
CQ format all ql manual_list_asc_uniq: 0:00:37.402961
Create git list manual_list_asc_uniq: 0:31:59.225579
