ListWorksALL: 0:01:46.192796
ChCaWorks_install_cq: 0:00:18.396157
CHCO_works_chco_on_test1: 0:00:00.000013
CQ format all ql cqurls0521: 0:00:47.069361
Create git list cqurls0521: 0:30:48.241484
