ListWorksALL: 0:01:28.950365
ChCaWorks_install_cq: 0:00:17.620684
CHCO_works_chco_on_test1: 0:00:00.000013
