ListWorksALL: 0:08:17.651965
ChCaWorks_install_cq: 0:00:18.516390
