ListWorksALL: 0:01:47.248050
ChCaWorks_install_cq: 0:00:21.015426
