ListWorksALL: 0:08:17.242850
ChCaWorks_install_cq: 0:00:22.552110
CHCO_works_chco_on_test1: 0:00:00.000011
