ListWorksALL: 0:01:54.158551
ChCaWorks_install_cq: 0:00:17.588243
CHCO_works_chco_on_test1: 0:00:00.000012
CQ format all ql all_c_desc: 0:00:47.434813
