ListWorksALL: 0:01:36.619914
ChCaWorks_install_cq: 0:00:15.804457
CHCO_works_chco_on_test1: 0:00:00.000010
CQ format all ql cqurls0521: 0:00:34.860726
Create git list cqurls0521: 0:31:46.968884
