ListWorksALL: 0:01:53.586511
ChCaWorks_install_cq: 0:00:17.743066
CHCO_works_chco_on_test1: 0:00:00.000018
