ListWorksALL: 0:01:03.504529
ChCaWorks_install_cq: 0:00:16.982924
CHCO_works_chco_on_test1: 0:00:00.000021
