ListWorksALL: 0:01:54.558422
ChCaWorks_install_cq: 0:00:15.896738
