ListWorksALL: 0:08:03.890385
ChCaWorks_install_cq: 0:00:23.937633
