ListWorksALL: 0:01:48.498958
ChCaWorks_install_cq: 0:00:18.839643
