ListWorksALL: 0:01:47.700281
ChCaWorks_install_cq: 0:00:19.349753
