ListWorksALL: 0:01:59.983873
ChCaWorks_install_cq: 0:00:18.624929
