ListWorksALL: 0:02:03.216153
ChCaWorks_install_cq: 0:00:18.394499
