ListWorksALL: 0:07:35.924337
ChCaWorks_install_cq: 0:00:18.582936
CHCO_works_chco_on_test1: 0:00:00.000009
