ListWorksALL: 0:01:52.146162
ChCaWorks_install_cq: 0:00:22.409424
CHCO_works_chco_on_test1: 0:00:00.000015
CQ format all ql All_SORT_UNIQ: 0:00:49.318394
Create git list All_SORT_UNIQ: 0:30:58.216241
