ListWorksALL: 0:01:45.931502
ChCaWorks_install_cq: 0:00:17.969864
CHCO_works_chco_on_test1: 0:00:00.000011
CQ format all ql All_SORT_UNIQ: 0:00:45.188215
Create git list All_SORT_UNIQ: 0:30:28.987791
