ListWorksALL: 0:06:57.573719
ChCaWorks_install_cq: 0:00:18.555557
