ListWorksALL: 0:02:08.553214
ChCaWorks_install_cq: 0:00:24.708531
CHCO_works_chco_on_test1: 0:00:00.000011
CQ format all ql All_SORT_UNIQ: 0:00:54.959790
Create git list All_SORT_UNIQ: 0:31:24.789431
