ListWorksALL: 0:01:54.549285
ChCaWorks_install_cq: 0:00:20.076121
