ListWorksALL: 0:01:53.241353
ChCaWorks_install_cq: 0:00:21.687923
CHCO_works_chco_on_test1: 0:00:00.000009
