ListWorksALL: 0:01:45.562880
ChCaWorks_install_cq: 0:00:18.762697
CHCO_works_chco_on_test1: 0:00:00.000012
CQ format all ql cqurls0521: 0:00:45.407716
Create git list cqurls0521: 0:31:30.360918
