ListWorksALL: 0:02:01.458127
ChCaWorks_install_cq: 0:00:20.267049
