ListWorksALL: 0:01:48.337139
ChCaWorks_install_cq: 0:00:20.009392
