ListWorksALL: 0:03:38.173420
ChCaWorks_install_cq: 0:00:21.145337
