ListWorksALL: 0:01:42.221601
ChCaWorks_install_cq: 0:00:18.366933
CHCO_works_chco_on_test1: 0:00:00.000012
CQ format all ql cqurls0521: 0:00:44.297096
Create git list cqurls0521: 0:30:35.782608
