ListWorksALL: 0:01:40.427653
ChCaWorks_install_cq: 0:00:21.156800
