ListWorksALL: 0:01:58.010353
ChCaWorks_install_cq: 0:00:20.630340
CHCO_works_chco_on_test1: 0:00:00.000012
