ListWorksALL: 0:01:37.761165
ChCaWorks_install_cq: 0:00:16.373704
