ListWorksALL: 0:01:47.166150
ChCaWorks_install_cq: 0:00:20.517104
CHCO_works_chco_on_test1: 0:00:00.000014
CQ format all ql manual_list_asc_uniq: 0:00:38.103011
