ListWorksALL: 0:02:05.164738
ChCaWorks_install_cq: 0:00:21.715078
