ListWorksALL: 0:01:53.598981
ChCaWorks_install_cq: 0:00:20.991304
