ListWorksALL: 0:08:40.002797
ChCaWorks_install_cq: 0:00:19.824987
CHCO_works_chco_on_test1: 0:00:00.000013
