ListWorksALL: 0:01:57.342828
ChCaWorks_install_cq: 0:00:22.177274
