ListWorksALL: 0:01:54.530350
ChCaWorks_install_cq: 0:00:38.943219
CHCO_works_chco_on_test1: 0:00:00.000012
CQ format all ql all_c_desc: 0:00:47.248936
Create git list all_c_desc: 0:31:10.481154
