ListWorksALL: 0:01:35.898340
ChCaWorks_install_cq: 0:00:17.368247
CHCO_works_chco_on_test1: 0:00:00.000010
CQ format all ql all_c_desc: 0:00:40.246664
Create git list all_c_desc: 0:31:04.224828
