ListWorksALL: 0:01:10.716591
ChCaWorks_install_cq: 0:00:19.778595
