ListWorksALL: 0:08:02.650852
ChCaWorks_install_cq: 0:00:22.797136
