ListWorksALL: 0:07:36.649757
ChCaWorks_install_cq: 0:00:20.126007
