ListWorksALL: 0:01:57.474416
ChCaWorks_install_cq: 0:00:18.436104
CHCO_works_chco_on_test1: 0:00:00.000012
