ListWorksALL: 0:01:53.700115
ChCaWorks_install_cq: 0:00:22.029393
