ListWorksALL: 0:01:50.451036
ChCaWorks_install_cq: 0:00:17.230233
