ListWorksALL: 0:02:00.898097
ChCaWorks_install_cq: 0:00:17.969516
CHCO_works_chco_on_test1: 0:00:00.000011
CQ format all ql manual_list_asc_uniq: 0:00:43.567478
Create git list manual_list_asc_uniq: 0:36:26.492040
