ListWorksALL: 0:03:20.980956
ChCaWorks_install_cq: 0:00:25.258796
CHCO_works_chco_on_test1: 0:00:00.000020
