ListWorksALL: 0:01:18.929581
ChCaWorks_install_cq: 0:00:21.569090
