ListWorksALL: 0:02:07.799482
ChCaWorks_install_cq: 0:00:18.571114
CHCO_works_chco_on_test1: 0:00:00.000011
CQ format all ql all_help_c_desc: 0:00:41.797370
