ListWorksALL: 0:01:47.162965
ChCaWorks_install_cq: 0:00:20.060453
