ListWorksALL: 0:08:15.494395
ChCaWorks_install_cq: 0:00:20.500216
