ListWorksALL: 0:02:03.216153
ChCaWorks_install_cq: 0:00:18.394499
CHCO_works_chco_on_test1: 0:00:00.000014
CQ format all ql all_help_c_desc: 0:00:44.663190
Create git list all_help_c_desc: 0:31:19.999470
