ListWorksALL: 0:07:37.804438
ChCaWorks_install_cq: 0:00:21.360899
