ListWorksALL: 0:07:41.108594
ChCaWorks_install_cq: 0:00:19.076128
CHCO_works_chco_on_test1: 0:00:00.000011
