ListWorksALL: 0:02:09.051819
ChCaWorks_install_cq: 0:00:25.852208
CHCO_works_chco_on_test1: 0:00:00.000024
