ListWorksALL: 0:01:53.308981
ChCaWorks_install_cq: 0:00:25.383767
CHCO_works_chco_on_test1: 0:00:00.000015
CQ format all ql cqurls0521: 0:00:45.182043
Create git list cqurls0521: 0:31:14.127642
