ListWorksALL: 0:01:49.186532
ChCaWorks_install_cq: 0:00:21.892695
