ListWorksALL: 0:01:56.817691
ChCaWorks_install_cq: 0:00:20.309151
