ListWorksALL: 0:04:48.756013
ChCaWorks_install_cq: 0:00:24.649662
CHCO_works_chco_on_test1: 0:00:00.000022
