ListWorksALL: 0:01:52.241255
ChCaWorks_install_cq: 0:00:18.552818
