ListWorksALL: 0:07:56.128661
ChCaWorks_install_cq: 0:00:15.231418
CHCO_works_chco_on_test1: 0:00:00.000012
