ListWorksALL: 0:01:46.872146
ChCaWorks_install_cq: 0:00:19.398807
CHCO_works_chco_on_test1: 0:00:00.000014
CQ format all ql all_forks_c_desc: 0:00:34.939439
