ListWorksALL: 0:01:51.557610
ChCaWorks_install_cq: 0:00:19.294386
