ListWorksALL: 0:01:36.460129
ChCaWorks_install_cq: 0:00:17.191703
CHCO_works_chco_on_test1: 0:00:00.000012
