ListWorksALL: 0:01:12.360995
ChCaWorks_install_cq: 0:00:18.666924
