ListWorksALL: 0:07:42.374875
ChCaWorks_install_cq: 0:00:18.813990
