ListWorksALL: 0:01:47.827335
ChCaWorks_install_cq: 0:00:16.324001
CHCO_works_chco_on_test1: 0:00:00.000012
CQ format all ql all_forks_c_desc: 0:00:34.220634
