ListWorksALL: 0:01:38.605308
ChCaWorks_install_cq: 0:00:22.133039
