ListWorksALL: 0:01:57.140133
ChCaWorks_install_cq: 0:00:17.899298
