ListWorksALL: 0:08:45.567996
ChCaWorks_install_cq: 0:00:26.425397
CHCO_works_chco_on_test1: 0:00:00.000014
