ListWorksALL: 0:02:00.567473
ChCaWorks_install_cq: 0:00:18.932374
