ListWorksALL: 0:03:17.989767
ChCaWorks_install_cq: 0:00:20.927784
CHCO_works_chco_on_test1: 0:00:00.000015
