ListWorksALL: 0:01:47.380198
ChCaWorks_install_cq: 0:00:20.893225
