ListWorksALL: 0:01:52.153960
ChCaWorks_install_cq: 0:00:17.873030
