ListWorksALL: 0:01:43.193996
ChCaWorks_install_cq: 0:00:21.780001
CHCO_works_chco_on_test1: 0:00:00.000019
CQ format all ql All_SORT_UNIQ: 0:00:47.047274
Create git list All_SORT_UNIQ: 0:31:02.653773
