ListWorksALL: 0:01:09.642160
StAnWorks_install_cq: 0:00:33.502052
