ListWorksALL: 0:03:10.548908
ChCaWorks_install_cq: 0:00:25.589868
CHCO_works_chco_on_test1: 0:00:00.000022
