ListWorksALL: 0:01:51.067925
ChCaWorks_install_cq: 0:00:19.290732
CHCO_works_chco_on_test1: 0:00:00.000015
CQ format all ql all_update_cpp_asc: 0:00:38.138249
