ListWorksALL: 0:01:38.646984
ChCaWorks_install_cq: 0:00:19.556818
