ListWorksALL: 0:07:07.760631
ChCaWorks_install_cq: 0:00:17.009023
CHCO_works_chco_on_test1: 0:00:00.000012
