ListWorksALL: 0:01:39.037177
ChCaWorks_install_cq: 0:00:18.915079
CHCO_works_chco_on_test1: 0:00:00.000009
CQ format all ql All_SORT_UNIQ: 0:00:39.492137
Create git list All_SORT_UNIQ: 0:30:38.539954
