ListWorksALL: 0:01:34.260007
ChCaWorks_install_cq: 0:00:19.416193
