ListWorksALL: 0:01:50.378589
ChCaWorks_install_cq: 0:00:19.902750
