ListWorksALL: 0:01:35.579008
ChCaWorks_install_cq: 0:00:19.203909
CHCO_works_chco_on_test1: 0:00:00.000012
CQ format all ql cqurls0521: 0:00:44.617688
Create git list cqurls0521: 0:31:05.384362
