ListWorksALL: 0:01:58.713403
ChCaWorks_install_cq: 0:00:18.543589
CHCO_works_chco_on_test1: 0:00:00.000012
CQ format all ql All_SORT_UNIQ: 0:00:56.630631
Create git list All_SORT_UNIQ: 0:30:53.560990
