ListWorksALL: 0:02:04.736168
ChCaWorks_install_cq: 0:00:24.044783
