ListWorksALL: 0:01:56.592160
ChCaWorks_install_cq: 0:00:22.388449
CHCO_works_chco_on_test1: 0:00:00.000014
CQ format all ql cqurls0521: 0:00:47.567319
