ListWorksALL: 0:02:20.008347
ChCaWorks_install_cq: 0:00:20.384278
CHCO_works_chco_on_test1: 0:00:00.000014
CQ format all ql cqurls0521: 0:00:50.946553
Create git list cqurls0521: 0:32:06.061508
