ListWorksALL: 0:02:04.226086
ChCaWorks_install_cq: 0:00:24.653397
CHCO_works_chco_on_test1: 0:00:00.000011
CQ format all ql all_c_desc: 0:00:57.343864
Create git list all_c_desc: 0:31:49.992477
