ListWorksALL: 0:02:04.241326
ChCaWorks_install_cq: 0:00:26.242510
