ListWorksALL: 0:07:35.826998
ChCaWorks_install_cq: 0:00:17.675526
CHCO_works_chco_on_test1: 0:00:00.000013
