ListWorksALL: 0:02:57.293234
ChCaWorks_install_cq: 0:00:25.417748
