ListWorksALL: 0:07:48.529705
ChCaWorks_install_cq: 0:00:17.690978
