ListWorksALL: 0:01:42.818885
ChCaWorks_install_cq: 0:00:17.294590
CHCO_works_chco_on_test1: 0:00:00.000011
CQ format all ql all_forks_c_desc: 0:00:37.284264
