ListWorksALL: 0:01:46.713311
ChCaWorks_install_cq: 0:00:16.635935
CHCO_works_chco_on_test1: 0:00:00.000013
CQ format all ql all_forks_c_desc: 0:00:37.935461
Create git list all_forks_c_desc: 0:31:41.388602
