ListWorksALL: 0:01:54.514871
ChCaWorks_install_cq: 0:00:19.392942
CHCO_works_chco_on_test1: 0:00:00.000011
CQ format all ql cqurls0521: 0:00:41.933257
