ListWorksALL: 0:01:56.297970
ChCaWorks_install_cq: 0:00:25.664154
CHCO_works_chco_on_test1: 0:00:00.000011
CQ format all ql cqurls0521: 0:00:46.997931
Create git list cqurls0521: 0:30:27.165853
