ListWorksALL: 0:02:04.829081
ChCaWorks_install_cq: 0:00:23.450862
CHCO_works_chco_on_test1: 0:00:00.000012
CQ format all ql manual_list_asc_uniq: 0:00:45.663554
