ListWorksALL: 0:01:03.504529
ChCaWorks_install_cq: 0:00:16.982924
