ListWorksALL: 0:01:53.308981
ChCaWorks_install_cq: 0:00:25.383767
CHCO_works_chco_on_test1: 0:00:00.000015
