ListWorksALL: 0:09:14.324317
ChCaWorks_install_cq: 0:00:22.026728
