ListWorksALL: 0:02:04.647651
ChCaWorks_install_cq: 0:00:18.968052
CHCO_works_chco_on_test1: 0:00:00.000018
CQ format all ql all_forks_c_desc: 0:00:38.927134
