ListWorksALL: 0:05:41.557978
ChCaWorks_install_cq: 0:00:19.078436
