ListWorksALL: 0:09:38.769238
ChCaWorks_install_cq: 0:00:26.521138
