ListWorksALL: 0:08:22.436375
ChCaWorks_install_cq: 0:00:21.900968
CHCO_works_chco_on_test1: 0:00:00.000013
