ListWorksALL: 0:01:45.168270
ChCaWorks_install_cq: 0:00:19.765829
CHCO_works_chco_on_test1: 0:00:00.000011
CQ format all ql All_SORT_UNIQ: 0:00:48.161704
