ListWorksALL: 0:01:49.104568
ChCaWorks_install_cq: 0:00:17.133702
CHCO_works_chco_on_test1: 0:00:00.000017
CQ format all ql manual_list_asc_uniq: 0:00:40.387222
