ListWorksALL: 0:01:30.570313
ChCaWorks_install_cq: 0:00:23.173483
