ListWorksALL: 0:02:02.669007
ChCaWorks_install_cq: 0:00:17.978590
CHCO_works_chco_on_test1: 0:00:00.000020
