ListWorksALL: 0:01:49.610012
ChCaWorks_install_cq: 0:00:18.300577
