ListWorksALL: 0:01:58.102531
ChCaWorks_install_cq: 0:00:19.475274
