ListWorksALL: 0:07:33.385034
ChCaWorks_install_cq: 0:00:20.442237
