ListWorksALL: 0:01:57.861490
ChCaWorks_install_cq: 0:00:22.279899
