ListWorksALL: 0:09:16.420001
ChCaWorks_install_cq: 0:00:21.219697
CHCO_works_chco_on_test1: 0:00:00.000012
