ListWorksALL: 0:01:33.052270
ChCaWorks_install_cq: 0:00:16.477988
