ListWorksALL: 0:01:56.667007
ChCaWorks_install_cq: 0:00:23.518183
CHCO_works_chco_on_test1: 0:00:00.000018
CQ format all ql All_SORT_UNIQ: 0:00:52.418163
