ListWorksALL: 0:08:58.071779
ChCaWorks_install_cq: 0:00:19.036329
