ListWorksALL: 0:01:48.323598
ChCaWorks_install_cq: 0:00:19.767739
CHCO_works_chco_on_test1: 0:00:00.000016
