ListWorksALL: 0:02:07.109583
ChCaWorks_install_cq: 0:00:20.098348
CHCO_works_chco_on_test1: 0:00:00.000014
CQ format all ql manual_list_asc_uniq: 0:00:49.331850
