ListWorksALL: 0:01:54.205086
ChCaWorks_install_cq: 0:00:19.760889
CHCO_works_chco_on_test1: 0:00:00.000014
