ListWorksALL: 0:01:36.844703
ChCaWorks_install_cq: 0:00:22.534155
CHCO_works_chco_on_test1: 0:00:00.000012
CQ format all ql all_c_desc: 0:00:43.055096
Create git list all_c_desc: 0:31:15.836404
