ListWorksALL: 0:01:58.138164
ChCaWorks_install_cq: 0:00:20.592598
