ListWorksALL: 0:02:18.312531
ChCaWorks_install_cq: 0:00:23.988053
CHCO_works_chco_on_test1: 0:00:00.000015
CQ format all ql all_c_desc: 0:01:01.515665
