ListWorksALL: 0:01:45.233733
ChCaWorks_install_cq: 0:00:19.148551
CHCO_works_chco_on_test1: 0:00:00.000012
CQ format all ql all_c_desc: 0:00:46.351554
