ListWorksALL: 0:02:00.793342
ChCaWorks_install_cq: 0:00:19.241766
