ListWorksALL: 0:02:01.458127
ChCaWorks_install_cq: 0:00:20.267049
CHCO_works_chco_on_test1: 0:00:00.000015
