ListWorksALL: 0:02:23.245712
ChCaWorks_install_cq: 0:00:29.109194
