ListWorksALL: 0:01:58.443423
ChCaWorks_install_cq: 0:00:18.307723
CHCO_works_chco_on_test1: 0:00:00.000030
