ListWorksALL: 0:02:12.466154
ChCaWorks_install_cq: 0:00:23.022118
