ListWorksALL: 0:02:01.301789
ChCaWorks_install_cq: 0:00:19.965603
