ListWorksALL: 0:02:01.727843
ChCaWorks_install_cq: 0:00:22.801120
