ListWorksALL: 0:02:10.119170
ChCaWorks_install_cq: 0:00:23.795130
CHCO_works_chco_on_test1: 0:00:00.000010
CQ format all ql manual_list_asc_uniq: 0:00:36.743627
Create git list manual_list_asc_uniq: 0:37:46.813355
