ListWorksALL: 0:02:06.288050
ChCaWorks_install_cq: 0:00:20.152097
CHCO_works_chco_on_test1: 0:00:00.000014
CQ format all ql all_update_cpp_asc: 0:00:43.057727
Create git list all_update_cpp_asc: 0:37:22.131617
