ListWorksALL: 0:01:46.227050
ChCaWorks_install_cq: 0:00:19.940971
CHCO_works_chco_on_test1: 0:00:00.000014
CQ format all ql all_c_desc: 0:00:44.901248
Create git list all_c_desc: 0:30:53.543634
