ListWorksALL: 0:01:52.826565
ChCaWorks_install_cq: 0:00:19.954818
CHCO_works_chco_on_test1: 0:00:00.000012
CQ format all ql all_c_desc: 0:00:46.321126
Create git list all_c_desc: 0:30:38.004846
