ListWorksALL: 0:01:46.671338
ChCaWorks_install_cq: 0:00:21.847576
CHCO_works_chco_on_test1: 0:00:00.000013
