ListWorksALL: 0:01:54.129652
ChCaWorks_install_cq: 0:00:22.145858
CHCO_works_chco_on_test1: 0:00:00.000013
