ListWorksALL: 0:01:51.780628
ChCaWorks_install_cq: 0:00:20.105241
