ListWorksALL: 0:07:52.653444
ChCaWorks_install_cq: 0:00:17.692918
CHCO_works_chco_on_test1: 0:00:00.000009
