ListWorksALL: 0:02:07.109583
ChCaWorks_install_cq: 0:00:20.098348
CHCO_works_chco_on_test1: 0:00:00.000014
