ListWorksALL: 0:02:00.042189
ChCaWorks_install_cq: 0:00:23.187079
