ListWorksALL: 0:03:43.249052
ChCaWorks_install_cq: 0:00:37.099266
CHCO_works_chco_on_test1: 0:00:00.000017
CQ format all ql all_c_desc: 0:01:33.278708
