ListWorksALL: 0:01:38.758563
ChCaWorks_install_cq: 0:00:24.111845
