ListWorksALL: 0:01:51.250678
ChCaWorks_install_cq: 0:00:19.447868
