ListWorksALL: 0:01:50.308216
ChCaWorks_install_cq: 0:00:20.938065
