ListWorksALL: 0:01:48.323598
ChCaWorks_install_cq: 0:00:19.767739
CHCO_works_chco_on_test1: 0:00:00.000016
CQ format all ql manual_list_asc_uniq: 0:00:38.225722
Create git list manual_list_asc_uniq: 0:36:32.241668
