ListWorksALL: 0:01:40.516548
ChCaWorks_install_cq: 0:00:17.847740
