ListWorksALL: 0:00:01.659078
ChCaWorks_install_cq: 0:00:16.798333
