ListWorksALL: 0:00:01.715588
ChCaWorks_install_cq: 0:00:12.039961
CHCO_works_chco_on_test1: 0:00:00.000018
