ListWorksALL: 0:02:04.241326
ChCaWorks_install_cq: 0:00:26.242510
CHCO_works_chco_on_test1: 0:00:00.000030
CQ format all ql all_c_desc: 0:00:50.052709
Create git list all_c_desc: 0:31:05.815084
