ListWorksALL: 0:01:10.716591
ChCaWorks_install_cq: 0:00:19.778595
CHCO_works_chco_on_test1: 0:00:00.000022
