ListWorksALL: 0:01:49.750757
ChCaWorks_install_cq: 0:00:20.197380
