ListWorksALL: 0:02:35.837881
ChCaWorks_install_cq: 0:00:23.262104
