ListWorksALL: 0:01:49.505164
ChCaWorks_install_cq: 0:00:20.279995
