ListWorksALL: 0:02:00.065790
ChCaWorks_install_cq: 0:00:19.559192
CHCO_works_chco_on_test1: 0:00:00.000024
