ListWorksALL: 0:01:47.248050
ChCaWorks_install_cq: 0:00:21.015426
CHCO_works_chco_on_test1: 0:00:00.000012
