ListWorksALL: 0:02:12.846107
ChCaWorks_install_cq: 0:00:20.357378
CHCO_works_chco_on_test1: 0:00:00.000015
CQ format all ql all_update_cpp_asc: 0:00:38.481055
