ListWorksALL: 0:01:42.969387
ChCaWorks_install_cq: 0:00:17.086679
CHCO_works_chco_on_test1: 0:00:00.000013
