ListWorksALL: 0:02:01.213635
ChCaWorks_install_cq: 0:00:18.565404
