ListWorksALL: 0:01:45.625162
ChCaWorks_install_cq: 0:00:19.948065
CHCO_works_chco_on_test1: 0:00:00.000011
