ListWorksALL: 0:01:38.758563
ChCaWorks_install_cq: 0:00:24.111845
CHCO_works_chco_on_test1: 0:00:00.000011
CQ format all ql all_update_cpp_asc: 0:00:35.101257
Create git list all_update_cpp_asc: 0:36:32.489228
