ListWorksALL: 0:02:18.737183
ChCaWorks_install_cq: 0:00:19.483061
CHCO_works_chco_on_test1: 0:00:00.000013
CQ format all ql All_SORT_UNIQ: 0:00:58.710339
Create git list All_SORT_UNIQ: 0:31:10.568425
