ListWorksALL: 0:01:47.827335
ChCaWorks_install_cq: 0:00:16.324001
