ListWorksALL: 0:01:19.664068
ChCaWorks_install_cq: 0:00:19.092317
CHCO_works_chco_on_test1: 0:00:00.000021
