ListWorksALL: 0:01:58.872350
ChCaWorks_install_cq: 0:00:25.716132
CHCO_works_chco_on_test1: 0:00:00.000011
CQ format all ql all_c_desc: 0:00:49.950499
