ListWorksALL: 0:01:39.556533
ChCaWorks_install_cq: 0:00:17.795182
CHCO_works_chco_on_test1: 0:00:00.000012
