ListWorksALL: 0:01:29.873934
ChCaWorks_install_cq: 0:00:17.417041
CHCO_works_chco_on_test1: 0:00:00.000013
CQ format all ql All_SORT_UNIQ: 0:00:38.151247
Create git list All_SORT_UNIQ: 0:31:03.567783
