ListWorksALL: 0:01:46.192796
ChCaWorks_install_cq: 0:00:18.396157
