ListWorksALL: 0:01:41.983851
ChCaWorks_install_cq: 0:00:17.821205
