ListWorksALL: 0:01:59.173831
ChCaWorks_install_cq: 0:00:25.192559
