ListWorksALL: 0:01:36.619914
ChCaWorks_install_cq: 0:00:15.804457
