ListWorksALL: 0:01:33.904189
ChCaWorks_install_cq: 0:00:19.788181
CHCO_works_chco_on_test1: 0:00:00.000015
