ListWorksALL: 0:09:40.080466
ChCaWorks_install_cq: 0:00:19.043952
