ListWorksALL: 0:08:30.122853
ChCaWorks_install_cq: 0:00:19.729243
CHCO_works_chco_on_test1: 0:00:00.000015
