ListWorksALL: 0:01:32.516090
ChCaWorks_install_cq: 0:00:15.638124
