ListWorksALL: 0:01:54.205086
ChCaWorks_install_cq: 0:00:19.760889
