ListWorksALL: 0:07:52.635867
ChCaWorks_install_cq: 0:00:27.413273
CHCO_works_chco_on_test1: 0:00:00.000021
