ListWorksALL: 0:02:02.067937
ChCaWorks_install_cq: 0:00:25.397226
