ListWorksALL: 0:01:49.924213
ChCaWorks_install_cq: 0:00:17.215278
