ListWorksALL: 0:01:50.538701
ChCaWorks_install_cq: 0:00:21.147967
CHCO_works_chco_on_test1: 0:00:00.000012
CQ format all ql all_update_cpp_asc: 0:00:41.126764
