ListWorksALL: 0:01:57.460273
ChCaWorks_install_cq: 0:00:20.075688
