ListWorksALL: 0:07:18.281784
ChCaWorks_install_cq: 0:00:15.056295
