ListWorksALL: 0:08:12.663476
ChCaWorks_install_cq: 0:00:19.643194
CHCO_works_chco_on_test1: 0:00:00.000011
