ListWorksALL: 0:01:39.295226
ChCaWorks_install_cq: 0:00:15.893553
