ListWorksALL: 0:01:53.743229
ChCaWorks_install_cq: 0:00:18.450423
CHCO_works_chco_on_test1: 0:00:00.000012
