ListWorksALL: 0:07:33.424133
ChCaWorks_install_cq: 0:00:21.700876
