ListWorksALL: 0:01:53.598981
ChCaWorks_install_cq: 0:00:20.991304
CHCO_works_chco_on_test1: 0:00:00.000012
