ListWorksALL: 0:02:06.864898
ChCaWorks_install_cq: 0:00:19.696484
