ListWorksALL: 0:01:50.624574
ChCaWorks_install_cq: 0:00:22.539043
