ListWorksALL: 0:07:35.924337
ChCaWorks_install_cq: 0:00:18.582936
