ListWorksALL: 0:00:23.680173
ChCaWorks_install_cq: 0:00:19.423151
