ListWorksALL: 0:02:00.089405
ChCaWorks_install_cq: 0:00:18.668267
CHCO_works_chco_on_test1: 0:00:00.000013
CQ format all ql manual_list_asc_uniq: 0:00:44.480362
