ListWorksALL: 0:02:34.547327
ChCaWorks_install_cq: 0:00:20.243026
CHCO_works_chco_on_test1: 0:00:00.000020
