ListWorksALL: 0:02:25.950353
ChCaWorks_install_cq: 0:00:19.597604
