ListWorksALL: 0:10:19.535551
ChCaWorks_install_cq: 0:00:25.208195
