ListWorksALL: 0:01:52.225077
ChCaWorks_install_cq: 0:00:17.837691
