ListWorksALL: 0:01:35.836219
ChCaWorks_install_cq: 0:00:15.846632
CHCO_works_chco_on_test1: 0:00:00.000026
CQ format all ql all_forks_c_desc: 0:00:33.417564
Create git list all_forks_c_desc: 0:31:42.236816
