ListWorksALL: 0:01:50.685036
ChCaWorks_install_cq: 0:00:17.331866
