ListWorksALL: 0:01:56.592160
ChCaWorks_install_cq: 0:00:22.388449
