ListWorksALL: 0:01:35.836219
ChCaWorks_install_cq: 0:00:15.846632
