ListWorksALL: 0:02:09.324149
ChCaWorks_install_cq: 0:00:18.040463
