ListWorksALL: 0:01:53.294139
ChCaWorks_install_cq: 0:00:18.351350
CHCO_works_chco_on_test1: 0:00:00.000012
CQ format all ql all_forks_c_desc: 0:00:39.811685
Create git list all_forks_c_desc: 0:32:32.750825
