ListWorksALL: 0:01:50.378589
ChCaWorks_install_cq: 0:00:19.902750
CHCO_works_chco_on_test1: 0:00:00.000014
CQ format all ql All_SORT_UNIQ: 0:00:43.489906
