ListWorksALL: 0:01:36.844703
ChCaWorks_install_cq: 0:00:22.534155
