ListWorksALL: 0:02:17.965024
ChCaWorks_install_cq: 0:00:18.817026
