ListWorksALL: 0:07:21.441086
ChCaWorks_install_cq: 0:00:17.941592
CHCO_works_chco_on_test1: 0:00:00.000011
