ListWorksALL: 0:07:47.932578
ChCaWorks_install_cq: 0:00:19.058284
CHCO_works_chco_on_test1: 0:00:00.000011
