ListWorksALL: 0:10:32.949351
ChCaWorks_install_cq: 0:00:24.249392
CHCO_works_chco_on_test1: 0:00:00.000023
