ListWorksALL: 0:07:45.238367
ChCaWorks_install_cq: 0:00:20.742652
CHCO_works_chco_on_test1: 0:00:00.000011
