ListWorksALL: 0:07:21.441086
ChCaWorks_install_cq: 0:00:17.941592
