ListWorksALL: 0:01:55.341753
ChCaWorks_install_cq: 0:00:21.602712
