ListWorksALL: 0:07:35.826998
ChCaWorks_install_cq: 0:00:17.675526
