ListWorksALL: 0:01:57.355622
ChCaWorks_install_cq: 0:00:17.534880
CHCO_works_chco_on_test1: 0:00:00.000011
CQ format all ql all_c_desc: 0:00:46.082494
