ListWorksALL: 0:01:55.396995
ChCaWorks_install_cq: 0:00:21.071416
