ListWorksALL: 0:01:54.129652
ChCaWorks_install_cq: 0:00:22.145858
