ListWorksALL: 0:01:58.102531
ChCaWorks_install_cq: 0:00:19.475274
CHCO_works_chco_on_test1: 0:00:00.000014
