ListWorksALL: 0:01:14.406524
ChCaWorks_install_cq: 0:00:20.225190
CHCO_works_chco_on_test1: 0:00:00.000020
