ListWorksALL: 0:01:50.780543
ChCaWorks_install_cq: 0:00:19.180811
CHCO_works_chco_on_test1: 0:00:00.000014
