ListWorksALL: 0:02:01.294103
ChCaWorks_install_cq: 0:00:20.838940
CHCO_works_chco_on_test1: 0:00:00.000015
