ListWorksALL: 0:01:58.012465
ChCaWorks_install_cq: 0:00:16.983847
CHCO_works_chco_on_test1: 0:00:00.000015
