ListWorksALL: 0:01:34.325014
ChCaWorks_install_cq: 0:00:17.229380
CHCO_works_chco_on_test1: 0:00:00.000011
CQ format all ql manual_list_asc_uniq: 0:00:32.159869
