ListWorksALL: 0:01:45.893769
ChCaWorks_install_cq: 0:00:21.693593
