ListWorksALL: 0:02:00.095427
ChCaWorks_install_cq: 0:00:28.093613
