ListWorksALL: 0:01:44.373671
ChCaWorks_install_cq: 0:00:16.520100
CHCO_works_chco_on_test1: 0:00:00.000011
