ListWorksALL: 0:01:48.008849
ChCaWorks_install_cq: 0:00:19.014043
