ListWorksALL: 0:01:55.302161
ChCaWorks_install_cq: 0:00:26.718411
