ListWorksALL: 0:08:51.861968
ChCaWorks_install_cq: 0:00:22.238265
CHCO_works_chco_on_test1: 0:00:00.000015
