ListWorksALL: 0:01:56.067676
ChCaWorks_install_cq: 0:00:17.843414
CHCO_works_chco_on_test1: 0:00:00.000013
CQ format all ql All_SORT_UNIQ: 0:00:51.096930
