ListWorksALL: 0:01:43.292151
ChCaWorks_install_cq: 0:00:18.247588
CHCO_works_chco_on_test1: 0:00:00.000012
CQ format all ql all_c_desc: 0:00:42.445006
