ListWorksALL: 0:01:38.710053
ChCaWorks_install_cq: 0:00:23.006632
