ListWorksALL: 0:07:39.262002
ChCaWorks_install_cq: 0:00:16.716104
