ListWorksALL: 0:07:28.886137
ChCaWorks_install_cq: 0:00:20.512470
CHCO_works_chco_on_test1: 0:00:00.000012
