ListWorksALL: 0:13:27.021446
ChCaWorks_install_cq: 0:00:19.371670
