ListWorksALL: 0:01:48.624360
ChCaWorks_install_cq: 0:00:17.920457
CHCO_works_chco_on_test1: 0:00:00.000014
