ListWorksALL: 0:07:39.262002
ChCaWorks_install_cq: 0:00:16.716104
CHCO_works_chco_on_test1: 0:00:00.000011
