ListWorksALL: 0:03:17.989767
ChCaWorks_install_cq: 0:00:20.927784
