ListWorksALL: 0:01:39.402096
ChCaWorks_install_cq: 0:00:18.681966
CHCO_works_chco_on_test1: 0:00:00.000012
CQ format all ql all_c_desc: 0:00:40.832760
Create git list all_c_desc: 0:31:22.006284
