ListWorksALL: 0:01:37.139983
ChCaWorks_install_cq: 0:00:20.861032
CHCO_works_chco_on_test1: 0:00:00.000012
