ListWorksALL: 0:01:42.818741
ChCaWorks_install_cq: 0:00:18.850287
CHCO_works_chco_on_test1: 0:00:00.000010
