ListWorksALL: 0:07:16.261397
ChCaWorks_install_cq: 0:00:21.103492
