ListWorksALL: 0:01:56.258948
ChCaWorks_install_cq: 0:00:18.569579
CHCO_works_chco_on_test1: 0:00:00.000013
CQ format all ql manual_list_asc_uniq: 0:00:35.172456
