ListWorksALL: 0:01:47.700281
ChCaWorks_install_cq: 0:00:19.349753
CHCO_works_chco_on_test1: 0:00:00.000030
CQ format all ql manual_list_asc_uniq: 0:00:38.535647
Create git list manual_list_asc_uniq: 0:32:23.448487
