ListWorksALL: 0:08:45.923975
ChCaWorks_install_cq: 0:00:21.306957
CHCO_works_chco_on_test1: 0:00:00.000015
