ListWorksALL: 0:02:06.288050
ChCaWorks_install_cq: 0:00:20.152097
CHCO_works_chco_on_test1: 0:00:00.000014
