ListWorksALL: 0:01:59.983873
ChCaWorks_install_cq: 0:00:18.624929
CHCO_works_chco_on_test1: 0:00:00.000014
CQ format all ql cqurls0521: 0:00:52.216226
Create git list cqurls0521: 0:30:45.205968
