ListWorksALL: 0:01:45.308182
ChCaWorks_install_cq: 0:00:31.919944
CHCO_works_chco_on_test1: 0:00:00.000011
