ListWorksALL: 0:01:38.153575
ChCaWorks_install_cq: 0:00:18.351960
CHCO_works_chco_on_test1: 0:00:00.000012
CQ format all ql cqurls0521: 0:00:44.365428
