ListWorksALL: 0:08:51.997424
ChCaWorks_install_cq: 0:00:18.527269
