ListWorksALL: 0:01:38.605308
ChCaWorks_install_cq: 0:00:22.133039
CHCO_works_chco_on_test1: 0:00:00.000011
CQ format all ql all_update_cpp_asc: 0:00:30.688746
Create git list all_update_cpp_asc: 0:37:07.380389
