ListWorksALL: 0:02:11.312099
ChCaWorks_install_cq: 0:00:20.122829
CHCO_works_chco_on_test1: 0:00:00.000015
CQ format all ql all_forks_c_desc: 0:00:48.446395
Create git list all_forks_c_desc: 0:32:41.275511
