ListWorksALL: 0:08:50.565115
ChCaWorks_install_cq: 0:00:19.526555
CHCO_works_chco_on_test1: 0:00:00.000011
