ListWorksALL: 0:01:53.405278
ChCaWorks_install_cq: 0:00:18.720584
CHCO_works_chco_on_test1: 0:00:00.000012
