ListWorksALL: 0:01:31.283531
ChCaWorks_install_cq: 0:00:20.179841
CHCO_works_chco_on_test1: 0:00:00.000009
