ListWorksALL: 0:01:49.924213
ChCaWorks_install_cq: 0:00:17.215278
CHCO_works_chco_on_test1: 0:00:00.000014
