ListWorksALL: 0:03:02.986324
ChCaWorks_install_cq: 0:00:21.315084
