ListWorksALL: 0:01:53.393412
ChCaWorks_install_cq: 0:00:19.520337
CHCO_works_chco_on_test1: 0:00:00.000014
CQ format all ql cqurls0521: 0:00:46.302858
Create git list cqurls0521: 0:30:24.120036
