ListWorksALL: 0:01:45.625162
ChCaWorks_install_cq: 0:00:19.948065
CHCO_works_chco_on_test1: 0:00:00.000011
CQ format all ql all_update_cpp_asc: 0:00:36.877592
