ListWorksALL: 0:01:39.295226
ChCaWorks_install_cq: 0:00:15.893553
CHCO_works_chco_on_test1: 0:00:00.000011
