ListWorksALL: 0:08:17.961384
ChCaWorks_install_cq: 0:00:20.079852
