ListWorksALL: 0:01:57.837249
ChCaWorks_install_cq: 0:00:19.512804
CHCO_works_chco_on_test1: 0:00:00.000019
