ListWorksALL: 0:01:39.556533
ChCaWorks_install_cq: 0:00:17.795182
