ListWorksALL: 0:01:54.558422
ChCaWorks_install_cq: 0:00:15.896738
CHCO_works_chco_on_test1: 0:00:00.000013
CQ format all ql all_forks_c_desc: 0:00:38.073374
Create git list all_forks_c_desc: 0:32:43.479114
