ListWorksALL: 0:07:43.961549
ChCaWorks_install_cq: 0:00:17.437980
