ListWorksALL: 0:08:32.630998
ChCaWorks_install_cq: 0:00:23.252816
