ListWorksALL: 0:01:43.420646
ChCaWorks_install_cq: 0:00:17.833729
