ListWorksALL: 0:01:28.950365
ChCaWorks_install_cq: 0:00:17.620684
