ListWorksALL: 0:01:54.514871
ChCaWorks_install_cq: 0:00:19.392942
