ListWorksALL: 0:01:32.248519
ChCaWorks_install_cq: 0:00:15.819471
CHCO_works_chco_on_test1: 0:00:00.000010
CQ format all ql cqurls0521: 0:00:33.272040
