ListWorksALL: 0:02:34.547327
ChCaWorks_install_cq: 0:00:20.243026
