ListWorksALL: 0:08:06.397208
ChCaWorks_install_cq: 0:00:17.483692
CHCO_works_chco_on_test1: 0:00:00.000016
