ListWorksALL: 0:02:02.762566
ChCaWorks_install_cq: 0:00:20.079598
CHCO_works_chco_on_test1: 0:00:00.000015
