ListWorksALL: 0:01:56.163024
ChCaWorks_install_cq: 0:00:20.561363
CHCO_works_chco_on_test1: 0:00:00.000010
