ListWorksALL: 0:02:12.081315
ChCaWorks_install_cq: 0:00:22.503897
