ListWorksALL: 0:02:03.093555
ChCaWorks_install_cq: 0:00:17.647298
