ListWorksALL: 0:01:11.624564
ChCaWorks_install_cq: 0:00:19.755641
CHCO_works_chco_on_test1: 0:00:00.000025
