ListWorksALL: 0:01:55.849218
ChCaWorks_install_cq: 0:00:17.246746
