ListWorksALL: 0:08:26.838473
ChCaWorks_install_cq: 0:00:18.427893
CHCO_works_chco_on_test1: 0:00:00.000016
