ListWorksALL: 0:01:58.872350
ChCaWorks_install_cq: 0:00:25.716132
