ListWorksALL: 0:01:57.460273
ChCaWorks_install_cq: 0:00:20.075688
CHCO_works_chco_on_test1: 0:00:00.000015
CQ format all ql all_c_desc: 0:00:49.420083
Create git list all_c_desc: 0:30:39.796406
