ListWorksALL: 0:01:54.549285
ChCaWorks_install_cq: 0:00:20.076121
CHCO_works_chco_on_test1: 0:00:00.000013
CQ format all ql All_SORT_UNIQ: 0:00:50.164940
