ListWorksALL: 0:01:54.530350
ChCaWorks_install_cq: 0:00:38.943219
CHCO_works_chco_on_test1: 0:00:00.000012
