ListWorksALL: 0:08:18.427397
ChCaWorks_install_cq: 0:00:18.918978
