ListWorksALL: 0:02:02.669007
ChCaWorks_install_cq: 0:00:17.978590
