ListWorksALL: 0:09:02.069376
ChCaWorks_install_cq: 0:00:18.457105
