ListWorksALL: 0:07:07.760631
ChCaWorks_install_cq: 0:00:17.009023
