ListWorksALL: 0:01:35.836219
ChCaWorks_install_cq: 0:00:15.846632
CHCO_works_chco_on_test1: 0:00:00.000026
