ListWorksALL: 0:01:34.636410
ChCaWorks_install_cq: 0:00:18.396151
