ListWorksALL: 0:01:49.718121
ChCaWorks_install_cq: 0:00:19.749277
CHCO_works_chco_on_test1: 0:00:00.000011
CQ format all ql all_help_c_desc: 0:00:45.410735
