ListWorksALL: 0:23:43.965516
ChCaWorks_install_cq: 0:00:27.810263
CHCO_works_chco_on_test1: 0:00:00.000014
