ListWorksALL: 0:01:53.757225
ChCaWorks_install_cq: 0:00:19.417781
CHCO_works_chco_on_test1: 0:00:00.000012
CQ format all ql manual_list_asc_uniq: 0:00:38.326179
Create git list manual_list_asc_uniq: 0:37:11.075454
