ListWorksALL: 0:01:57.837249
ChCaWorks_install_cq: 0:00:19.512804
CHCO_works_chco_on_test1: 0:00:00.000019
CQ format all ql manual_list_asc_uniq: 0:00:39.840758
Create git list manual_list_asc_uniq: 0:36:48.087262
