ListWorksALL: 0:01:54.694725
ChCaWorks_install_cq: 0:00:20.325209
