ListWorksALL: 0:01:14.406524
ChCaWorks_install_cq: 0:00:20.225190
