ListWorksALL: 0:00:01.707681
ChCaWorks_install_cq: 0:00:10.396502
