ListWorksALL: 0:07:44.864501
ChCaWorks_install_cq: 0:00:20.296037
