ListWorksALL: 0:08:15.642499
ChCaWorks_install_cq: 0:00:18.869340
CHCO_works_chco_on_test1: 0:00:00.000013
