ListWorksALL: 0:02:00.155621
ChCaWorks_install_cq: 0:00:21.437925
CHCO_works_chco_on_test1: 0:00:00.000023
