ListWorksALL: 0:01:47.510091
ChCaWorks_install_cq: 0:00:17.574848
CHCO_works_chco_on_test1: 0:00:00.000015
CQ format all ql all_forks_c_desc: 0:00:38.695833
Create git list all_forks_c_desc: 0:32:16.968209
