ListWorksALL: 0:07:51.724916
ChCaWorks_install_cq: 0:00:20.511140
CHCO_works_chco_on_test1: 0:00:00.000013
