ListWorksALL: 0:01:58.138164
ChCaWorks_install_cq: 0:00:20.592598
CHCO_works_chco_on_test1: 0:00:00.000012
