ListWorksALL: 0:01:34.435969
ChCaWorks_install_cq: 0:00:15.710661
CHCO_works_chco_on_test1: 0:00:00.000012
