ListWorksALL: 0:02:55.852626
ChCaWorks_install_cq: 0:00:22.681441
CHCO_works_chco_on_test1: 0:00:00.000021
