ListWorksALL: 0:01:53.699760
ChCaWorks_install_cq: 0:00:18.252676
