ListWorksALL: 0:01:52.546250
ChCaWorks_install_cq: 0:00:16.821558
CHCO_works_chco_on_test1: 0:00:00.000013
CQ format all ql all_forks_c_desc: 0:00:43.701300
Create git list all_forks_c_desc: 0:31:56.568466
