ListWorksALL: 0:01:53.743229
ChCaWorks_install_cq: 0:00:18.450423
CHCO_works_chco_on_test1: 0:00:00.000012
CQ format all ql manual_list_asc_uniq: 0:00:39.700616
Create git list manual_list_asc_uniq: 0:32:31.409785
