ListWorksALL: 0:08:42.892673
ChCaWorks_install_cq: 0:00:21.339860
CHCO_works_chco_on_test1: 0:00:00.000012
