ListWorksALL: 0:02:18.312531
ChCaWorks_install_cq: 0:00:23.988053
