ListWorksALL: 0:01:40.719374
ChCaWorks_install_cq: 0:00:19.457987
