ListWorksALL: 0:01:38.646984
ChCaWorks_install_cq: 0:00:19.556818
CHCO_works_chco_on_test1: 0:00:00.000011
