ListWorksALL: 0:02:52.399015
ChCaWorks_install_cq: 0:00:23.772104
