ListWorksALL: 0:01:50.907550
ChCaWorks_install_cq: 0:00:18.547657
