ListWorksALL: 0:01:51.440374
ChCaWorks_install_cq: 0:00:19.681573
