ListWorksALL: 0:01:59.930502
ChCaWorks_install_cq: 0:00:23.236128
CHCO_works_chco_on_test1: 0:00:00.000013
