ListWorksALL: 0:01:48.722148
ChCaWorks_install_cq: 0:00:21.772995
