ListWorksALL: 0:01:43.439365
ChCaWorks_install_cq: 0:00:26.153198
