ListWorksALL: 0:01:51.462662
ChCaWorks_install_cq: 0:00:23.272424
CHCO_works_chco_on_test1: 0:00:00.000011
CQ format all ql all_c_desc: 0:00:48.160964
Create git list all_c_desc: 0:30:38.788967
