ListWorksALL: 0:01:47.873891
ChCaWorks_install_cq: 0:00:17.966680
CHCO_works_chco_on_test1: 0:00:00.000047
