ListWorksALL: 0:01:47.130789
ChCaWorks_install_cq: 0:00:18.622221
