ListWorksALL: 0:02:11.630113
ChCaWorks_install_cq: 0:00:22.454891
