ListWorksALL: 0:01:54.530350
ChCaWorks_install_cq: 0:00:38.943219
