ListWorksALL: 0:01:31.283531
ChCaWorks_install_cq: 0:00:20.179841
CHCO_works_chco_on_test1: 0:00:00.000009
CQ format all ql cqurls0521: 0:00:36.406926
Create git list cqurls0521: 0:31:03.790132
