ListWorksALL: 0:01:45.893769
ChCaWorks_install_cq: 0:00:21.693593
CHCO_works_chco_on_test1: 0:00:00.000016
CQ format all ql cqurls0521: 0:00:44.180848
Create git list cqurls0521: 0:31:12.306223
