ListWorksALL: 0:01:46.227050
ChCaWorks_install_cq: 0:00:19.940971
CHCO_works_chco_on_test1: 0:00:00.000014
