ListWorksALL: 0:01:38.582475
ChCaWorks_install_cq: 0:00:17.796583
