ListWorksALL: 0:07:51.724916
ChCaWorks_install_cq: 0:00:20.511140
