ListWorksALL: 0:01:46.671338
ChCaWorks_install_cq: 0:00:21.847576
