ListWorksALL: 0:08:11.326389
ChCaWorks_install_cq: 0:00:22.188172
