ListWorksALL: 0:01:59.173831
ChCaWorks_install_cq: 0:00:25.192559
CHCO_works_chco_on_test1: 0:00:00.000030
CQ format all ql all_c_desc: 0:00:51.398581
