ListWorksALL: 0:01:35.632120
ChCaWorks_install_cq: 0:00:17.822784
