ListWorksALL: 0:08:28.759869
ChCaWorks_install_cq: 0:00:18.660386
