ListWorksALL: 0:01:56.067676
ChCaWorks_install_cq: 0:00:17.843414
