ListWorksALL: 0:01:34.435969
ChCaWorks_install_cq: 0:00:15.710661
