ListWorksALL: 0:00:01.661461
ChCaWorks_install_cq: 0:00:42.842814
CHCO_works_chco_on_test1: 0:02:06.883611
