ListWorksALL: 0:01:52.146162
ChCaWorks_install_cq: 0:00:22.409424
CHCO_works_chco_on_test1: 0:00:00.000015
