ListWorksALL: 0:01:39.241838
ChCaWorks_install_cq: 0:00:15.955815
CHCO_works_chco_on_test1: 0:00:00.000029
CQ format all ql all_forks_c_desc: 0:00:35.690590
Create git list all_forks_c_desc: 0:32:28.897064
