ListWorksALL: 0:08:22.436375
ChCaWorks_install_cq: 0:00:21.900968
