ListWorksALL: 0:02:07.581039
ChCaWorks_install_cq: 0:00:25.748652
CHCO_works_chco_on_test1: 0:00:00.000033
CQ format all ql manual_list_asc_uniq: 0:00:44.007011
Create git list manual_list_asc_uniq: 0:36:26.145786
