ListWorksALL: 0:07:44.312772
ChCaWorks_install_cq: 0:00:21.757891
