ListWorksALL: 0:01:56.832155
ChCaWorks_install_cq: 0:00:19.364009
CHCO_works_chco_on_test1: 0:00:00.000020
CQ format all ql all_forks_c_desc: 0:00:40.749850
Create git list all_forks_c_desc: 0:32:02.372276
