ListWorksALL: 0:00:03.863682
ChCaWorks_install_cq: 0:01:46.478971
CHCO_works_chco_on_test1: 0:02:07.689676
