ListWorksALL: 0:08:37.147641
ChCaWorks_install_cq: 0:00:19.775988
