ListWorksALL: 0:01:38.239081
ChCaWorks_install_cq: 0:00:18.345581
CHCO_works_chco_on_test1: 0:00:00.000013
CQ format all ql all_c_desc: 0:00:42.451387
Create git list all_c_desc: 0:30:43.603732
