ListWorksALL: 0:01:42.261090
ChCaWorks_install_cq: 0:00:17.155341
