ListWorksALL: 0:01:42.954989
ChCaWorks_install_cq: 0:00:18.236629
CHCO_works_chco_on_test1: 0:00:00.000014
CQ format all ql cqurls0521: 0:00:42.210358
