ListWorksALL: 0:02:18.737183
ChCaWorks_install_cq: 0:00:19.483061
CHCO_works_chco_on_test1: 0:00:00.000013
