ListWorksALL: 0:07:53.265431
ChCaWorks_install_cq: 0:00:21.608246
