ListWorksALL: 0:01:47.166150
ChCaWorks_install_cq: 0:00:20.517104
