ListWorksALL: 0:02:04.383647
ChCaWorks_install_cq: 0:00:24.037188
