ListWorksALL: 0:01:51.080187
ChCaWorks_install_cq: 0:00:20.357501
CHCO_works_chco_on_test1: 0:00:00.000011
