ListWorksALL: 0:09:14.324317
ChCaWorks_install_cq: 0:00:22.026728
CHCO_works_chco_on_test1: 0:00:00.000014
