ListWorksALL: 0:01:34.260007
ChCaWorks_install_cq: 0:00:19.416193
CHCO_works_chco_on_test1: 0:00:00.000012
CQ format all ql all_c_desc: 0:00:39.447675
