ListWorksALL: 0:00:01.864524
ChCaWorks_install_cq: 0:00:18.121570
