ListWorksALL: 0:01:52.146162
ChCaWorks_install_cq: 0:00:22.409424
