ListWorksALL: 0:01:52.453708
ChCaWorks_install_cq: 0:00:20.060410
