ListWorksALL: 0:00:01.707681
ChCaWorks_install_cq: 0:00:10.396502
CHCO_works_chco_on_test1: 0:02:45.297293
