ListWorksALL: 0:01:18.959473
ChCaWorks_install_cq: 0:00:20.454280
