ListWorksALL: 0:07:28.886137
ChCaWorks_install_cq: 0:00:20.512470
