ListWorksALL: 0:01:45.917555
ChCaWorks_install_cq: 0:00:18.516231
CHCO_works_chco_on_test1: 0:00:00.000011
