ListWorksALL: 0:02:00.065790
ChCaWorks_install_cq: 0:00:19.559192
