ListWorksALL: 0:08:44.453925
ChCaWorks_install_cq: 0:00:19.365237
