ListWorksALL: 0:01:33.206094
ChCaWorks_install_cq: 0:00:23.472646
CHCO_works_chco_on_test1: 0:00:00.000010
