ListWorksALL: 0:01:52.490410
ChCaWorks_install_cq: 0:00:20.510507
