ListWorksALL: 0:08:42.468190
ChCaWorks_install_cq: 0:00:18.642152
CHCO_works_chco_on_test1: 0:00:00.000011
