ListWorksALL: 0:01:56.832155
ChCaWorks_install_cq: 0:00:19.364009
