ListWorksALL: 0:01:23.982016
ChCaWorks_install_cq: 0:00:18.644896
CHCO_works_chco_on_test1: 0:00:00.000009
