ListWorksALL: 0:01:24.779096
ChCaWorks_install_cq: 0:00:27.457899
CHCO_works_chco_on_test1: 0:00:00.000022
