ListWorksALL: 0:01:41.244669
ChCaWorks_install_cq: 0:00:16.311963
