ListWorksALL: 0:01:58.443423
ChCaWorks_install_cq: 0:00:18.307723
