ListWorksALL: 0:02:04.652309
ChCaWorks_install_cq: 0:00:19.587330
CHCO_works_chco_on_test1: 0:00:00.000032
