ListWorksALL: 0:08:52.448523
ChCaWorks_install_cq: 0:00:19.759911
