ListWorksALL: 0:08:11.326389
ChCaWorks_install_cq: 0:00:22.188172
CHCO_works_chco_on_test1: 0:00:00.000011
