ListWorksALL: 0:01:54.694725
ChCaWorks_install_cq: 0:00:20.325209
CHCO_works_chco_on_test1: 0:00:00.000034
CQ format all ql all_help_c_desc: 0:00:49.698557
