ListWorksALL: 0:07:45.238367
ChCaWorks_install_cq: 0:00:20.742652
