ListWorksALL: 0:00:01.661461
ChCaWorks_install_cq: 0:00:42.842814
