ListWorksALL: 0:01:59.777238
ChCaWorks_install_cq: 0:00:19.479775
CHCO_works_chco_on_test1: 0:00:00.000015
