ListWorksALL: 0:01:39.402096
ChCaWorks_install_cq: 0:00:18.681966
CHCO_works_chco_on_test1: 0:00:00.000012
