ListWorksALL: 0:01:37.911922
ChCaWorks_install_cq: 0:00:19.017576
CHCO_works_chco_on_test1: 0:00:00.000011
CQ format all ql all_c_desc: 0:00:46.434555
