ListWorksALL: 0:01:23.982016
ChCaWorks_install_cq: 0:00:18.644896
