ListWorksALL: 0:01:49.651770
ChCaWorks_install_cq: 0:00:19.055763
CHCO_works_chco_on_test1: 0:00:00.000014
CQ format all ql all_update_cpp_asc: 0:00:35.522538
Create git list all_update_cpp_asc: 0:36:20.329093
