ListWorksALL: 0:08:14.293607
ChCaWorks_install_cq: 0:00:17.957026
