ListWorksALL: 0:01:55.404211
ChCaWorks_install_cq: 0:00:22.224855
