ListWorksALL: 0:01:56.495629
ChCaWorks_install_cq: 0:00:22.786104
CHCO_works_chco_on_test1: 0:00:00.000015
CQ format all ql all_c_desc: 0:00:48.894879
Create git list all_c_desc: 0:31:27.615090
