ListWorksALL: 0:01:43.797898
ChCaWorks_install_cq: 0:00:17.971828
CHCO_works_chco_on_test1: 0:00:00.000009
CQ format all ql cqurls0521: 0:00:43.059758
Create git list cqurls0521: 0:31:37.772815
