ListWorksALL: 0:02:06.864898
ChCaWorks_install_cq: 0:00:19.696484
CHCO_works_chco_on_test1: 0:00:00.000013
CQ format all ql All_SORT_UNIQ: 0:00:57.162334
Create git list All_SORT_UNIQ: 0:31:09.588169
