ListWorksALL: 0:07:46.199804
ChCaWorks_install_cq: 0:00:23.101806
CHCO_works_chco_on_test1: 0:00:00.000012
