ListWorksALL: 0:01:54.897908
ChCaWorks_install_cq: 0:00:21.680398
CHCO_works_chco_on_test1: 0:00:00.000014
CQ format all ql all_forks_c_desc: 0:00:41.751680
Create git list all_forks_c_desc: 0:32:26.105264
