ListWorksALL: 0:01:34.996798
ChCaWorks_install_cq: 0:00:18.597270
CHCO_works_chco_on_test1: 0:00:00.000014
CQ format all ql cqurls0521: 0:00:35.140716
Create git list cqurls0521: 0:30:58.723429
