ListWorksALL: 0:08:18.427397
ChCaWorks_install_cq: 0:00:18.918978
CHCO_works_chco_on_test1: 0:00:00.000012
