ListWorksALL: 0:08:13.229650
ChCaWorks_install_cq: 0:00:21.383108
