ListWorksALL: 0:10:19.624557
ChCaWorks_install_cq: 0:00:19.510784
