ListWorksALL: 0:02:11.789412
ChCaWorks_install_cq: 0:00:22.805068
CHCO_works_chco_on_test1: 0:00:00.000013
