ListWorksALL: 0:01:43.919346
ChCaWorks_install_cq: 0:00:23.538075
CHCO_works_chco_on_test1: 0:00:00.000009
