ListWorksALL: 0:01:50.067891
ChCaWorks_install_cq: 0:00:19.463379
