ListWorksALL: 0:01:52.225077
ChCaWorks_install_cq: 0:00:17.837691
CHCO_works_chco_on_test1: 0:00:00.000014
CQ format all ql all_c_desc: 0:00:48.143416
Create git list all_c_desc: 0:30:51.536581
