ListWorksALL: 0:02:10.285726
ChCaWorks_install_cq: 0:00:19.527303
CHCO_works_chco_on_test1: 0:00:00.000014
