ListWorksALL: 0:01:44.352343
ChCaWorks_install_cq: 0:00:16.658791
CHCO_works_chco_on_test1: 0:00:00.000011
CQ format all ql manual_list_asc_uniq: 0:00:34.476784
