ListWorksALL: 0:01:53.586511
ChCaWorks_install_cq: 0:00:17.743066
