ListWorksALL: 0:01:43.824352
ChCaWorks_install_cq: 0:00:18.290183
CHCO_works_chco_on_test1: 0:00:00.000010
CQ format all ql all_c_desc: 0:00:45.976048
