ListWorksALL: 0:01:48.023563
ChCaWorks_install_cq: 0:00:18.168048
