ListWorksALL: 0:08:35.511028
ChCaWorks_install_cq: 0:00:17.952821
