ListWorksALL: 0:08:52.227576
ChCaWorks_install_cq: 0:00:19.616393
