ListWorksALL: 0:01:18.959473
ChCaWorks_install_cq: 0:00:20.454280
CHCO_works_chco_on_test1: 0:00:00.000013
