ListWorksALL: 0:01:54.158551
ChCaWorks_install_cq: 0:00:17.588243
