ListWorksALL: 0:01:49.370376
ChCaWorks_install_cq: 0:00:17.185335
