ListWorksALL: 0:01:56.832155
ChCaWorks_install_cq: 0:00:19.364009
CHCO_works_chco_on_test1: 0:00:00.000020
