ListWorksALL: 0:02:04.736168
ChCaWorks_install_cq: 0:00:24.044783
CHCO_works_chco_on_test1: 0:00:00.000017
CQ format all ql cqurls0521: 0:00:43.338195
