ListWorksALL: 0:01:52.011131
ChCaWorks_install_cq: 0:00:22.870867
