ListWorksALL: 0:02:12.466154
ChCaWorks_install_cq: 0:00:23.022118
CHCO_works_chco_on_test1: 0:00:00.000012
CQ format all ql all_c_desc: 0:00:56.305011
Create git list all_c_desc: 0:31:18.404338
