ListWorksALL: 0:02:18.737183
ChCaWorks_install_cq: 0:00:19.483061
