ListWorksALL: 0:01:55.252218
ChCaWorks_install_cq: 0:00:19.454466
