ListWorksALL: 0:01:54.167446
ChCaWorks_install_cq: 0:00:17.462866
CHCO_works_chco_on_test1: 0:00:00.000013
