ListWorksALL: 0:01:33.206094
ChCaWorks_install_cq: 0:00:23.472646
