ListWorksALL: 0:01:43.193996
ChCaWorks_install_cq: 0:00:21.780001
