ListWorksALL: 0:08:07.436442
ChCaWorks_install_cq: 0:00:20.002243
