ListWorksALL: 0:01:47.873891
ChCaWorks_install_cq: 0:00:17.966680
