ListWorksALL: 0:01:56.163024
ChCaWorks_install_cq: 0:00:20.561363
CHCO_works_chco_on_test1: 0:00:00.000010
CQ format all ql all_update_cpp_asc: 0:00:34.038865
