ListWorksALL: 0:01:52.826565
ChCaWorks_install_cq: 0:00:19.954818
