ListWorksALL: 0:01:59.930502
ChCaWorks_install_cq: 0:00:23.236128
