ListWorksALL: 0:02:26.449813
ChCaWorks_install_cq: 0:00:24.043388
