ListWorksALL: 0:02:11.312099
ChCaWorks_install_cq: 0:00:20.122829
CHCO_works_chco_on_test1: 0:00:00.000015
