ListWorksALL: 0:08:29.825518
ChCaWorks_install_cq: 0:00:20.384227
CHCO_works_chco_on_test1: 0:00:00.000011
