ListWorksALL: 0:08:40.002797
ChCaWorks_install_cq: 0:00:19.824987
