ListWorksALL: 0:01:54.167446
ChCaWorks_install_cq: 0:00:17.462866
