ListWorksALL: 0:01:58.102531
ChCaWorks_install_cq: 0:00:19.475274
CHCO_works_chco_on_test1: 0:00:00.000014
CQ format all ql all_forks_c_desc: 0:00:42.661628
Create git list all_forks_c_desc: 0:31:41.479666
