ListWorksALL: 0:02:02.175154
ChCaWorks_install_cq: 0:00:22.500983
CHCO_works_chco_on_test1: 0:00:00.000012
CQ format all ql All_SORT_UNIQ: 0:00:51.793820
