ListWorksALL: 0:01:49.186532
ChCaWorks_install_cq: 0:00:21.892695
CHCO_works_chco_on_test1: 0:00:00.000018
CQ format all ql all_update_cpp_asc: 0:00:39.430988
