ListWorksALL: 0:01:59.508524
ChCaWorks_install_cq: 0:00:21.392872
CHCO_works_chco_on_test1: 0:00:00.000010
