ListWorksALL: 0:00:01.715588
ChCaWorks_install_cq: 0:00:12.039961
