ListWorksALL: 0:01:27.776802
ChCaWorks_install_cq: 0:00:15.934881
