ListWorksALL: 0:08:10.851575
ChCaWorks_install_cq: 0:00:21.493112
