ListWorksALL: 0:01:55.609718
ChCaWorks_install_cq: 0:00:19.298058
CHCO_works_chco_on_test1: 0:00:00.000014
CQ format all ql all_forks_c_desc: 0:00:42.916564
Create git list all_forks_c_desc: 0:32:43.348368
