ListWorksALL: 0:01:56.817691
ChCaWorks_install_cq: 0:00:20.309151
CHCO_works_chco_on_test1: 0:00:00.000013
CQ format all ql manual_list_asc_uniq: 0:00:36.901841
Create git list manual_list_asc_uniq: 0:32:26.152468
