ListWorksALL: 0:08:45.690632
ChCaWorks_install_cq: 0:00:22.058748
CHCO_works_chco_on_test1: 0:00:00.000014
