ListWorksALL: 0:01:59.779176
ChCaWorks_install_cq: 0:00:21.089179
