ListWorksALL: 0:02:00.042189
ChCaWorks_install_cq: 0:00:23.187079
CHCO_works_chco_on_test1: 0:00:00.000012
