ListWorksALL: 0:01:47.290168
ChCaWorks_install_cq: 0:00:17.827161
CHCO_works_chco_on_test1: 0:00:00.000012
CQ format all ql cqurls0521: 0:00:41.846362
