ListWorksALL: 0:03:10.548908
ChCaWorks_install_cq: 0:00:25.589868
