ListWorksALL: 0:01:42.800663
ChCaWorks_install_cq: 0:00:21.501185
CHCO_works_chco_on_test1: 0:00:00.000012
CQ format all ql manual_list_asc_uniq: 0:00:38.652361
