ListWorksALL: 0:01:58.644261
ChCaWorks_install_cq: 0:00:18.755705
