ListWorksALL: 0:01:46.671338
ChCaWorks_install_cq: 0:00:21.847576
CHCO_works_chco_on_test1: 0:00:00.000013
CQ format all ql cqurls0521: 0:00:45.196808
Create git list cqurls0521: 0:31:18.550817
