ListWorksALL: 0:08:55.576671
ChCaWorks_install_cq: 0:00:19.004579
CHCO_works_chco_on_test1: 0:00:00.000019
