ListWorksALL: 0:01:47.510091
ChCaWorks_install_cq: 0:00:17.574848
