ListWorksALL: 0:08:30.122853
ChCaWorks_install_cq: 0:00:19.729243
