ListWorksALL: 0:02:35.837881
ChCaWorks_install_cq: 0:00:23.262104
CHCO_works_chco_on_test1: 0:00:00.000021
