ListWorksALL: 0:02:02.768422
ChCaWorks_install_cq: 0:00:19.130951
CHCO_works_chco_on_test1: 0:00:00.000029
CQ format all ql cqurls0521: 0:00:51.269198
Create git list cqurls0521: 0:31:43.746455
