ListWorksALL: 0:02:02.687101
ChCaWorks_install_cq: 0:00:24.904284
