ListWorksALL: 0:09:01.283244
ChCaWorks_install_cq: 0:00:19.649168
CHCO_works_chco_on_test1: 0:00:00.000012
