ListWorksALL: 0:01:56.165254
ChCaWorks_install_cq: 0:00:20.571120
CHCO_works_chco_on_test1: 0:00:00.000014
