ListWorksALL: 0:01:07.383811
ChCaWorks_install_cq: 0:00:18.116028
