ListWorksALL: 0:07:44.437243
ChCaWorks_install_cq: 0:00:22.747831
CHCO_works_chco_on_test1: 0:00:00.000033
