ListWorksALL: 0:01:08.108877
ChCaWorks_install_cq: 0:00:16.710146
