ListWorksALL: 0:01:34.993202
ChCaWorks_install_cq: 0:00:16.939328
CHCO_works_chco_on_test1: 0:00:00.000010
