ListWorksALL: 0:01:55.396995
ChCaWorks_install_cq: 0:00:21.071416
CHCO_works_chco_on_test1: 0:00:00.000013
