ListWorksALL: 0:01:57.727955
ChCaWorks_install_cq: 0:00:18.978227
