ListWorksALL: 0:02:04.671502
ChCaWorks_install_cq: 0:00:18.795509
