ListWorksALL: 0:01:51.927799
ChCaWorks_install_cq: 0:00:22.175177
CHCO_works_chco_on_test1: 0:00:00.000015
