ListWorksALL: 0:01:39.413766
ChCaWorks_install_cq: 0:00:18.278047
CHCO_works_chco_on_test1: 0:00:00.000011
