ListWorksALL: 0:01:55.427294
ChCaWorks_install_cq: 0:00:18.018566
CHCO_works_chco_on_test1: 0:00:00.000012
CQ format all ql all_update_cpp_asc: 0:00:36.965778
