ListWorksALL: 0:01:33.048530
ChCaWorks_install_cq: 0:00:16.677706
