ListWorksALL: 0:01:48.023563
ChCaWorks_install_cq: 0:00:18.168048
CHCO_works_chco_on_test1: 0:00:00.000013
