ListWorksALL: 0:02:25.950353
ChCaWorks_install_cq: 0:00:19.597604
CHCO_works_chco_on_test1: 0:00:00.000015
CQ format all ql manual_list_asc_uniq: 0:00:50.017608
Create git list manual_list_asc_uniq: 0:36:13.130385
