ListWorksALL: 0:01:34.636410
ChCaWorks_install_cq: 0:00:18.396151
CHCO_works_chco_on_test1: 0:00:00.000014
