ListWorksALL: 0:01:51.462662
ChCaWorks_install_cq: 0:00:23.272424
