ListWorksALL: 0:02:01.727843
ChCaWorks_install_cq: 0:00:22.801120
CHCO_works_chco_on_test1: 0:00:00.000016
CQ format all ql all_help_c_desc: 0:00:44.343696
