ListWorksALL: 0:01:47.084128
ChCaWorks_install_cq: 0:00:19.243421
CHCO_works_chco_on_test1: 0:00:00.000011
CQ format all ql cqurls0521: 0:00:39.738858
Create git list cqurls0521: 0:31:54.812375
