ListWorksALL: 0:02:07.975400
ChCaWorks_install_cq: 0:00:20.317780
