ListWorksALL: 0:01:34.993202
ChCaWorks_install_cq: 0:00:16.939328
CHCO_works_chco_on_test1: 0:00:00.000010
CQ format all ql all_forks_c_desc: 0:00:34.666506
Create git list all_forks_c_desc: 0:31:44.587405
