ListWorksALL: 0:01:29.873934
ChCaWorks_install_cq: 0:00:17.417041
