ListWorksALL: 0:01:31.283531
ChCaWorks_install_cq: 0:00:20.179841
