ListWorksALL: 0:09:24.016081
ChCaWorks_install_cq: 0:00:25.337414
