ListWorksALL: 0:01:53.860399
ChCaWorks_install_cq: 0:00:21.864009
