ListWorksALL: 0:01:55.609718
ChCaWorks_install_cq: 0:00:19.298058
