ListWorksALL: 0:01:59.930502
ChCaWorks_install_cq: 0:00:23.236128
CHCO_works_chco_on_test1: 0:00:00.000013
CQ format all ql all_c_desc: 0:00:48.591069
Create git list all_c_desc: 0:30:28.729625
