ListWorksALL: 0:01:39.837445
ChCaWorks_install_cq: 0:00:16.558067
