ListWorksALL: 0:01:56.524772
ChCaWorks_install_cq: 0:00:18.841324
