ListWorksALL: 0:01:54.957494
ChCaWorks_install_cq: 0:00:25.315110
CHCO_works_chco_on_test1: 0:00:00.000012
