ListWorksALL: 0:02:00.089405
ChCaWorks_install_cq: 0:00:18.668267
