ListWorksALL: 0:01:57.722552
ChCaWorks_install_cq: 0:00:21.833928
CHCO_works_chco_on_test1: 0:00:00.000015
