ListWorksALL: 0:01:05.110608
ChCaWorks_install_cq: 0:00:18.968176
