ListWorksALL: 0:01:52.908765
ChCaWorks_install_cq: 0:00:20.300044
CHCO_works_chco_on_test1: 0:00:00.000013
CQ format all ql manual_list_asc_uniq: 0:00:42.846199
Create git list manual_list_asc_uniq: 0:37:13.660091
