ListWorksALL: 0:01:49.119984
ChCaWorks_install_cq: 0:00:41.324228
