ListWorksALL: 0:01:51.080187
ChCaWorks_install_cq: 0:00:20.357501
