ListWorksALL: 0:02:04.157424
ChCaWorks_install_cq: 0:00:24.496645
