ListWorksALL: 0:01:53.596296
ChCaWorks_install_cq: 0:00:18.583383
CHCO_works_chco_on_test1: 0:00:00.000014
