ListWorksALL: 0:01:38.710053
ChCaWorks_install_cq: 0:00:23.006632
CHCO_works_chco_on_test1: 0:00:00.000011
CQ format all ql all_c_desc: 0:00:40.677731
Create git list all_c_desc: 0:31:52.361876
