ListWorksALL: 0:01:32.090779
ChCaWorks_install_cq: 0:00:17.282121
