ListWorksALL: 0:07:44.484388
ChCaWorks_install_cq: 0:00:19.781958
