ListWorksALL: 0:01:53.091126
ChCaWorks_install_cq: 0:00:24.367680
