ListWorksALL: 0:01:53.091126
ChCaWorks_install_cq: 0:00:24.367680
CHCO_works_chco_on_test1: 0:00:00.000012
CQ format all ql All_SORT_UNIQ: 0:00:48.702131
