ListWorksALL: 0:01:32.248519
ChCaWorks_install_cq: 0:00:15.819471
