ListWorksALL: 0:02:06.091228
ChCaWorks_install_cq: 0:00:19.333504
