ListWorksALL: 0:01:42.954989
ChCaWorks_install_cq: 0:00:18.236629
