ListWorksALL: 0:01:51.350854
ChCaWorks_install_cq: 0:00:23.182774
