ListWorksALL: 0:08:57.038436
ChCaWorks_install_cq: 0:00:23.560485
