ListWorksALL: 0:02:01.294103
ChCaWorks_install_cq: 0:00:20.838940
