ListWorksALL: 0:02:23.245712
ChCaWorks_install_cq: 0:00:29.109194
CHCO_works_chco_on_test1: 0:00:00.000015
CQ format all ql manual_list_asc_uniq: 0:00:46.789490
