ListWorksALL: 0:01:35.898340
ChCaWorks_install_cq: 0:00:17.368247
