ListWorksALL: 0:01:35.632120
ChCaWorks_install_cq: 0:00:17.822784
CHCO_works_chco_on_test1: 0:00:00.000011
CQ format all ql cqurls0521: 0:00:39.222459
Create git list cqurls0521: 0:31:25.926410
