ListWorksALL: 0:08:36.781468
ChCaWorks_install_cq: 0:00:23.255629
