ListWorksALL: 0:01:38.582475
ChCaWorks_install_cq: 0:00:17.796583
CHCO_works_chco_on_test1: 0:00:00.000012
CQ format all ql all_c_desc: 0:00:39.499543
Create git list all_c_desc: 0:31:11.362564
