ListWorksALL: 0:07:52.653444
ChCaWorks_install_cq: 0:00:17.692918
