ListWorksALL: 0:02:12.846107
ChCaWorks_install_cq: 0:00:20.357378
