ListWorksALL: 0:02:00.959993
ChCaWorks_install_cq: 0:00:20.428000
