ListWorksALL: 0:02:02.006159
ChCaWorks_install_cq: 0:00:18.316417
CHCO_works_chco_on_test1: 0:00:00.000028
CQ format all ql cqurls0521: 0:00:45.792180
Create git list cqurls0521: 0:32:23.835879
