ListWorksALL: 0:07:47.971354
ChCaWorks_install_cq: 0:00:22.124829
