ListWorksALL: 0:01:50.308216
ChCaWorks_install_cq: 0:00:20.938065
CHCO_works_chco_on_test1: 0:00:00.000013
CQ format all ql all_c_desc: 0:00:44.371676
