ListWorksALL: 0:01:44.386152
ChCaWorks_install_cq: 0:00:19.875468
