ListWorksALL: 0:01:56.495629
ChCaWorks_install_cq: 0:00:22.786104
