ListWorksALL: 0:08:29.825518
ChCaWorks_install_cq: 0:00:20.384227
