ListWorksALL: 0:01:24.398807
ChCaWorks_install_cq: 0:00:16.973324
