ListWorksALL: 0:02:02.006159
ChCaWorks_install_cq: 0:00:18.316417
