ListWorksALL: 0:01:51.658866
ChCaWorks_install_cq: 0:00:19.873105
CHCO_works_chco_on_test1: 0:00:00.000013
CQ format all ql all_c_desc: 0:00:45.541043
