ListWorksALL: 0:01:54.957494
ChCaWorks_install_cq: 0:00:25.315110
