ListWorksALL: 0:01:49.518685
ChCaWorks_install_cq: 0:00:20.639553
