ListWorksALL: 0:01:59.779176
ChCaWorks_install_cq: 0:00:21.089179
CHCO_works_chco_on_test1: 0:00:00.000011
CQ format all ql all_help_c_desc: 0:00:43.824180
