ListWorksALL: 0:02:04.226086
ChCaWorks_install_cq: 0:00:24.653397
