ListWorksALL: 0:07:18.281784
ChCaWorks_install_cq: 0:00:15.056295
CHCO_works_chco_on_test1: 0:00:00.000010
