ListWorksALL: 0:02:08.965864
ChCaWorks_install_cq: 0:00:18.334084
CHCO_works_chco_on_test1: 0:00:00.000014
