ListWorksALL: 0:01:44.352343
ChCaWorks_install_cq: 0:00:16.658791
