ListWorksALL: 0:02:01.213635
ChCaWorks_install_cq: 0:00:18.565404
CHCO_works_chco_on_test1: 0:00:00.000014
CQ format all ql all_help_c_desc: 0:00:45.044703
