ListWorksALL: 0:02:09.381813
ChCaWorks_install_cq: 0:00:18.288125
