ListWorksALL: 0:01:55.943708
ChCaWorks_install_cq: 0:00:18.488266
CHCO_works_chco_on_test1: 0:00:00.000012
