ListWorksALL: 0:01:39.621558
ChCaWorks_install_cq: 0:00:21.012420
CHCO_works_chco_on_test1: 0:00:00.000014
