ListWorksALL: 0:01:52.011131
ChCaWorks_install_cq: 0:00:22.870867
CHCO_works_chco_on_test1: 0:00:00.000012
CQ format all ql all_update_cpp_asc: 0:00:35.945893
Create git list all_update_cpp_asc: 0:36:29.744917
