ListWorksALL: 0:07:47.932578
ChCaWorks_install_cq: 0:00:19.058284
