ListWorksALL: 0:08:17.651965
ChCaWorks_install_cq: 0:00:18.516390
CHCO_works_chco_on_test1: 0:00:00.000012
