ListWorksALL: 0:08:22.166958
ChCaWorks_install_cq: 0:00:18.215174
