ListWorksALL: 0:01:38.567967
ChCaWorks_install_cq: 0:00:21.212338
