ListWorksALL: 0:02:00.173383
ChCaWorks_install_cq: 0:00:18.397866
CHCO_works_chco_on_test1: 0:00:00.000013
CQ format all ql all_help_c_desc: 0:00:44.817441
