ListWorksALL: 0:01:56.165254
ChCaWorks_install_cq: 0:00:20.571120
