ListWorksALL: 0:01:48.510113
ChCaWorks_install_cq: 0:00:23.702339
