ListWorksALL: 0:01:47.265251
ChCaWorks_install_cq: 0:00:25.298741
