ListWorksALL: 0:01:34.996798
ChCaWorks_install_cq: 0:00:18.597270
