ListWorksALL: 0:01:39.934645
ChCaWorks_install_cq: 0:00:16.479110
