ListWorksALL: 0:07:48.738265
ChCaWorks_install_cq: 0:00:17.701128
