ListWorksALL: 0:01:54.897908
ChCaWorks_install_cq: 0:00:21.680398
