ListWorksALL: 0:01:56.297970
ChCaWorks_install_cq: 0:00:25.664154
