ListWorksALL: 0:01:43.832600
ChCaWorks_install_cq: 0:00:20.729809
