ListWorksALL: 0:02:01.481539
ChCaWorks_install_cq: 0:00:18.465792
