ListWorksALL: 0:02:04.671502
ChCaWorks_install_cq: 0:00:18.795509
CHCO_works_chco_on_test1: 0:00:00.000014
CQ format all ql manual_list_asc_uniq: 0:00:42.099864
Create git list manual_list_asc_uniq: 0:32:14.944694
