ListWorksALL: 0:01:36.460129
ChCaWorks_install_cq: 0:00:17.191703
