ListWorksALL: 0:01:49.557259
ChCaWorks_install_cq: 0:00:25.030540
CHCO_works_chco_on_test1: 0:00:00.000012
CQ format all ql All_SORT_UNIQ: 0:00:44.305519
Create git list All_SORT_UNIQ: 0:31:24.943905
