ListWorksALL: 0:01:38.758563
ChCaWorks_install_cq: 0:00:24.111845
CHCO_works_chco_on_test1: 0:00:00.000011
