ListWorksALL: 0:02:07.471221
ChCaWorks_install_cq: 0:00:22.689054
CHCO_works_chco_on_test1: 0:00:00.000018
CQ format all ql all_c_desc: 0:00:52.893890
Create git list all_c_desc: 0:31:36.688696
