ListWorksALL: 0:01:48.722148
ChCaWorks_install_cq: 0:00:21.772995
CHCO_works_chco_on_test1: 0:00:00.000013
CQ format all ql All_SORT_UNIQ: 0:00:44.596140
Create git list All_SORT_UNIQ: 0:31:15.286715
