ListWorksALL: 0:01:53.267690
ChCaWorks_install_cq: 0:00:19.062170
CHCO_works_chco_on_test1: 0:00:00.000013
CQ format all ql manual_list_asc_uniq: 0:00:40.576395
Create git list manual_list_asc_uniq: 0:32:57.199152
