ListWorksALL: 0:02:03.624772
ChCaWorks_install_cq: 0:00:24.592344
