ListWorksALL: 0:02:02.175154
ChCaWorks_install_cq: 0:00:22.500983
