ListWorksALL: 0:01:52.225077
ChCaWorks_install_cq: 0:00:17.837691
CHCO_works_chco_on_test1: 0:00:00.000014
