ListWorksALL: 0:00:26.541252
ChCaWorks_install_cq: 0:00:21.241873
