ListWorksALL: 0:02:00.155621
ChCaWorks_install_cq: 0:00:21.437925
