ListWorksALL: 0:02:03.453325
ChCaWorks_install_cq: 0:00:19.952724
CHCO_works_chco_on_test1: 0:00:00.000014
CQ format all ql all_update_cpp_asc: 0:00:41.032669
Create git list all_update_cpp_asc: 0:36:13.294796
