ListWorksALL: 0:01:39.837445
ChCaWorks_install_cq: 0:00:16.558067
CHCO_works_chco_on_test1: 0:00:00.000013
CQ format all ql all_c_desc: 0:00:40.409113
