ListWorksALL: 0:02:08.553214
ChCaWorks_install_cq: 0:00:24.708531
