ListWorksALL: 0:01:27.776802
ChCaWorks_install_cq: 0:00:15.934881
CHCO_works_chco_on_test1: 0:00:00.000009
CQ format all ql manual_list_asc_uniq: 0:00:33.316186
Create git list manual_list_asc_uniq: 0:36:21.492692
