ListWorksALL: 0:01:59.508524
ChCaWorks_install_cq: 0:00:21.392872
