ListWorksALL: 0:01:45.168270
ChCaWorks_install_cq: 0:00:19.765829
