ListWorksALL: 0:02:26.449813
ChCaWorks_install_cq: 0:00:24.043388
CHCO_works_chco_on_test1: 0:00:00.000032
