ListWorksALL: 0:01:53.294139
ChCaWorks_install_cq: 0:00:18.351350
CHCO_works_chco_on_test1: 0:00:00.000012
