ListWorksALL: 0:01:51.489767
ChCaWorks_install_cq: 0:00:18.450894
CHCO_works_chco_on_test1: 0:00:00.000014
CQ format all ql all_update_cpp_asc: 0:00:37.638062
