ListWorksALL: 0:01:55.404211
ChCaWorks_install_cq: 0:00:22.224855
CHCO_works_chco_on_test1: 0:00:00.000012
CQ format all ql all_c_desc: 0:00:45.848071
Create git list all_c_desc: 0:31:35.148886
