ListWorksALL: 0:08:13.979576
ChCaWorks_install_cq: 0:00:19.831010
