ListWorksALL: 0:07:24.989804
ChCaWorks_install_cq: 0:00:21.599348
