ListWorksALL: 0:01:43.919346
ChCaWorks_install_cq: 0:00:23.538075
