ListWorksALL: 0:02:05.164738
ChCaWorks_install_cq: 0:00:21.715078
CHCO_works_chco_on_test1: 0:00:00.000014
CQ format all ql All_SORT_UNIQ: 0:00:58.469927
