ListWorksALL: 0:01:42.975270
ChCaWorks_install_cq: 0:00:15.625180
CHCO_works_chco_on_test1: 0:00:00.000011
CQ format all ql cqurls0521: 0:00:39.792419
