ListWorksALL: 0:02:00.056229
ChCaWorks_install_cq: 0:00:23.078793
