ListWorksALL: 0:01:11.624564
ChCaWorks_install_cq: 0:00:19.755641
