ListWorksALL: 0:01:37.139983
ChCaWorks_install_cq: 0:00:20.861032
