ListWorksALL: 0:01:50.685036
ChCaWorks_install_cq: 0:00:17.331866
CHCO_works_chco_on_test1: 0:00:00.000012
CQ format all ql all_forks_c_desc: 0:00:37.765870
Create git list all_forks_c_desc: 0:32:16.614299
