ListWorksALL: 0:09:40.080466
ChCaWorks_install_cq: 0:00:19.043952
CHCO_works_chco_on_test1: 0:00:00.000030
