ListWorksALL: 0:07:59.086485
ChCaWorks_install_cq: 0:00:19.690455
