ListWorksALL: 0:01:34.564963
ChCaWorks_install_cq: 0:00:17.723639
CHCO_works_chco_on_test1: 0:00:00.000011
CQ format all ql All_SORT_UNIQ: 0:00:40.115961
Create git list All_SORT_UNIQ: 0:30:43.458449
