ListWorksALL: 0:01:46.339977
ChCaWorks_install_cq: 0:00:27.893713
