ListWorksALL: 0:01:41.244669
ChCaWorks_install_cq: 0:00:16.311963
CHCO_works_chco_on_test1: 0:00:00.000012
CQ format all ql all_update_cpp_asc: 0:00:31.436278
