ListWorksALL: 0:01:53.393412
ChCaWorks_install_cq: 0:00:19.520337
