ListWorksALL: 0:07:05.694344
ChCaWorks_install_cq: 0:00:18.043457
CHCO_works_chco_on_test1: 0:00:00.000013
