ListWorksALL: 0:01:38.172973
ChCaWorks_install_cq: 0:00:20.096585
