ListWorksALL: 0:01:07.383811
ChCaWorks_install_cq: 0:00:18.116028
CHCO_works_chco_on_test1: 0:00:00.000020
