ListWorksALL: 0:02:03.624772
ChCaWorks_install_cq: 0:00:24.592344
CHCO_works_chco_on_test1: 0:00:00.000014
CQ format all ql all_c_desc: 0:00:49.423829
