ListWorksALL: 0:02:03.453325
ChCaWorks_install_cq: 0:00:19.952724
CHCO_works_chco_on_test1: 0:00:00.000014
