ListWorksALL: 0:02:11.789412
ChCaWorks_install_cq: 0:00:22.805068
