ListWorksALL: 0:08:08.928500
ChCaWorks_install_cq: 0:00:19.017005
