ListWorksALL: 0:01:52.241255
ChCaWorks_install_cq: 0:00:18.552818
CHCO_works_chco_on_test1: 0:00:00.000015
CQ format all ql all_update_cpp_asc: 0:00:37.102781
Create git list all_update_cpp_asc: 0:36:47.496469
