ListWorksALL: 0:01:41.983851
ChCaWorks_install_cq: 0:00:17.821205
CHCO_works_chco_on_test1: 0:00:00.000012
CQ format all ql all_forks_c_desc: 0:00:35.954890
