ListWorksALL: 0:01:57.474416
ChCaWorks_install_cq: 0:00:18.436104
CHCO_works_chco_on_test1: 0:00:00.000012
CQ format all ql all_help_c_desc: 0:00:42.672629
