ListWorksALL: 0:02:04.829081
ChCaWorks_install_cq: 0:00:23.450862
