ListWorksALL: 0:01:43.824352
ChCaWorks_install_cq: 0:00:18.290183
