ListWorksALL: 0:01:53.491233
ChCaWorks_install_cq: 0:00:25.171808
