ListWorksALL: 0:01:49.518685
ChCaWorks_install_cq: 0:00:20.639553
CHCO_works_chco_on_test1: 0:00:00.000011
CQ format all ql all_c_desc: 0:00:40.735784
