ListWorksALL: 0:08:08.582887
ChCaWorks_install_cq: 0:00:24.498756
CHCO_works_chco_on_test1: 0:00:00.000013
