ListWorksALL: 0:00:03.975437
ChCaWorks_install_cq: 0:00:20.010726
