ListWorksALL: 0:01:48.008849
ChCaWorks_install_cq: 0:00:19.014043
CHCO_works_chco_on_test1: 0:00:00.000014
CQ format all ql cqurls0521: 0:00:42.105605
