ListWorksALL: 0:01:42.488139
ChCaWorks_install_cq: 0:00:17.192768
CHCO_works_chco_on_test1: 0:00:00.000014
