ListWorksALL: 0:08:42.468190
ChCaWorks_install_cq: 0:00:18.642152
