ListWorksALL: 0:02:38.808169
ChCaWorks_install_cq: 0:00:23.695783
