ListWorksALL: 0:01:53.834018
ChCaWorks_install_cq: 0:00:19.527778
