ListWorksALL: 0:07:56.128661
ChCaWorks_install_cq: 0:00:15.231418
