ListWorksALL: 0:01:43.797898
ChCaWorks_install_cq: 0:00:17.971828
