ListWorksALL: 0:01:55.906549
ChCaWorks_install_cq: 0:00:21.861104
CHCO_works_chco_on_test1: 0:00:00.000013
CQ format all ql all_c_desc: 0:00:47.840662
Create git list all_c_desc: 0:31:14.344081
