ListWorksALL: 0:01:39.621558
ChCaWorks_install_cq: 0:00:21.012420
