ListWorksALL: 0:01:50.624574
ChCaWorks_install_cq: 0:00:22.539043
CHCO_works_chco_on_test1: 0:00:00.000012
CQ format all ql all_forks_c_desc: 0:00:38.372863
