ListWorksALL: 0:06:16.675499
ChCaWorks_install_cq: 0:00:18.547739
CHCO_works_chco_on_test1: 0:00:00.000010
