ListWorksALL: 0:01:34.325014
ChCaWorks_install_cq: 0:00:17.229380
