ListWorksALL: 0:08:44.257225
ChCaWorks_install_cq: 0:00:21.303267
