ListWorksALL: 0:08:37.012211
ChCaWorks_install_cq: 0:00:18.762390
