ListWorksALL: 0:01:48.323598
ChCaWorks_install_cq: 0:00:19.767739
