ListWorksALL: 0:01:47.510091
ChCaWorks_install_cq: 0:00:17.574848
CHCO_works_chco_on_test1: 0:00:00.000015
