ListWorksALL: 0:01:57.373700
ChCaWorks_install_cq: 0:00:17.501378
