ListWorksALL: 0:07:26.001106
ChCaWorks_install_cq: 0:00:21.729303
