ListWorksALL: 0:02:02.687101
ChCaWorks_install_cq: 0:00:24.904284
CHCO_works_chco_on_test1: 0:00:00.000014
CQ format all ql all_update_cpp_asc: 0:00:37.270682
