ListWorksALL: 0:03:02.986324
ChCaWorks_install_cq: 0:00:21.315084
CHCO_works_chco_on_test1: 0:00:00.000022
