ListWorksALL: 0:01:47.084128
ChCaWorks_install_cq: 0:00:19.243421
