ListWorksALL: 0:01:52.453708
ChCaWorks_install_cq: 0:00:20.060410
CHCO_works_chco_on_test1: 0:00:00.000012
CQ format all ql all_update_cpp_asc: 0:00:35.149827
Create git list all_update_cpp_asc: 0:37:10.088966
