ListWorksALL: 0:01:57.727955
ChCaWorks_install_cq: 0:00:18.978227
CHCO_works_chco_on_test1: 0:00:00.000014
CQ format all ql all_forks_c_desc: 0:00:40.362056
