ListWorksALL: 0:02:47.429947
ChCaWorks_install_cq: 0:00:21.397486
