ListWorksALL: 0:01:58.168610
ChCaWorks_install_cq: 0:00:19.773182
CHCO_works_chco_on_test1: 0:00:00.000012
CQ format all ql cqurls0521: 0:00:44.073574
