ListWorksALL: 0:01:34.532294
ChCaWorks_install_cq: 0:00:17.296479
CHCO_works_chco_on_test1: 0:00:00.000011
CQ format all ql cqurls0521: 0:00:36.401277
Create git list cqurls0521: 0:30:49.905668
