ListWorksALL: 0:01:34.991644
ChCaWorks_install_cq: 0:00:16.281508
CHCO_works_chco_on_test1: 0:00:00.000013
