ListWorksALL: 0:01:34.993202
ChCaWorks_install_cq: 0:00:16.939328
