ListWorksALL: 0:08:11.496242
ChCaWorks_install_cq: 0:00:24.631659
