ListWorksALL: 0:01:47.816155
ChCaWorks_install_cq: 0:00:18.069429
CHCO_works_chco_on_test1: 0:00:00.000013
CQ format all ql all_update_cpp_asc: 0:00:36.090492
