ListWorksALL: 0:01:58.374710
ChCaWorks_install_cq: 0:00:24.313032
