ListWorksALL: 0:01:53.241353
ChCaWorks_install_cq: 0:00:21.687923
