ListWorksALL: 0:01:55.252218
ChCaWorks_install_cq: 0:00:19.454466
CHCO_works_chco_on_test1: 0:00:00.000013
CQ format all ql all_update_cpp_asc: 0:00:35.690563
