ListWorksALL: 0:02:01.458127
ChCaWorks_install_cq: 0:00:20.267049
CHCO_works_chco_on_test1: 0:00:00.000015
CQ format all ql manual_list_asc_uniq: 0:00:44.505145
Create git list manual_list_asc_uniq: 0:37:24.429649
