ListWorksALL: 0:01:33.285791
ChCaWorks_install_cq: 0:00:16.031206
CHCO_works_chco_on_test1: 0:00:00.000013
CQ format all ql cqurls0521: 0:00:35.267612
Create git list cqurls0521: 0:31:39.636390
