ListWorksALL: 0:02:00.014986
ChCaWorks_install_cq: 0:00:17.730080
