ListWorksALL: 0:02:38.408013
ChCaWorks_install_cq: 0:00:19.444399
