ListWorksALL: 0:01:52.101495
ChCaWorks_install_cq: 0:00:19.574820
