ListWorksALL: 0:08:17.416066
ChCaWorks_install_cq: 0:00:16.297019
