ListWorksALL: 0:01:58.168610
ChCaWorks_install_cq: 0:00:19.773182
