ListWorksALL: 0:02:05.105432
ChCaWorks_install_cq: 0:00:21.833158
CHCO_works_chco_on_test1: 0:00:00.000015
