ListWorksALL: 0:08:25.620185
ChCaWorks_install_cq: 0:00:25.250944
