ListWorksALL: 0:01:46.713311
ChCaWorks_install_cq: 0:00:16.635935
