ListWorksALL: 0:01:46.227050
ChCaWorks_install_cq: 0:00:19.940971
