ListWorksALL: 0:01:50.538701
ChCaWorks_install_cq: 0:00:21.147967
