ListWorksALL: 0:01:45.233733
ChCaWorks_install_cq: 0:00:19.148551
