ListWorksALL: 0:04:48.756013
ChCaWorks_install_cq: 0:00:24.649662
