ListWorksALL: 0:07:52.635867
ChCaWorks_install_cq: 0:00:27.413273
