ListWorksALL: 0:01:50.685036
ChCaWorks_install_cq: 0:00:17.331866
CHCO_works_chco_on_test1: 0:00:00.000012
