ListWorksALL: 0:02:20.008347
ChCaWorks_install_cq: 0:00:20.384278
