ListWorksALL: 0:01:42.488139
ChCaWorks_install_cq: 0:00:17.192768
CHCO_works_chco_on_test1: 0:00:00.000014
CQ format all ql all_forks_c_desc: 0:00:36.942257
Create git list all_forks_c_desc: 0:32:32.657412
