ListWorksALL: 0:01:56.218730
ChCaWorks_install_cq: 0:00:18.290202
