ListWorksALL: 0:01:53.879839
ChCaWorks_install_cq: 0:00:18.580909
CHCO_works_chco_on_test1: 0:00:00.000026
