ListWorksALL: 0:01:54.934627
ChCaWorks_install_cq: 0:00:19.724028
