ListWorksALL: 0:00:05.139704
ChCaWorks_install_cq: 0:00:10.414089
CHCO_works_chco_on_test1: 0:02:18.738038
