ListWorksALL: 0:01:51.350854
ChCaWorks_install_cq: 0:00:23.182774
CHCO_works_chco_on_test1: 0:00:00.000012
CQ format all ql cqurls0521: 0:00:46.879852
Create git list cqurls0521: 0:31:19.282257
