ListWorksALL: 0:01:57.140133
ChCaWorks_install_cq: 0:00:17.899298
CHCO_works_chco_on_test1: 0:00:00.000013
CQ format all ql cqurls0521: 0:00:45.141219
Create git list cqurls0521: 0:31:26.383623
