ListWorksALL: 0:08:17.416066
ChCaWorks_install_cq: 0:00:16.297019
CHCO_works_chco_on_test1: 0:00:00.000012
