ListWorksALL: 0:01:57.861490
ChCaWorks_install_cq: 0:00:22.279899
CHCO_works_chco_on_test1: 0:00:00.000039
