ListWorksALL: 0:07:44.484388
ChCaWorks_install_cq: 0:00:19.781958
CHCO_works_chco_on_test1: 0:00:00.000011
