ListWorksALL: 0:08:06.598823
ChCaWorks_install_cq: 0:00:26.501018
CHCO_works_chco_on_test1: 0:00:00.000012
