ListWorksALL: 0:02:58.106311
ChCaWorks_install_cq: 0:00:20.445981
CHCO_works_chco_on_test1: 0:00:00.000022
