ListWorksALL: 0:08:02.650852
ChCaWorks_install_cq: 0:00:22.797136
CHCO_works_chco_on_test1: 0:00:00.000013
