ListWorksALL: 0:01:52.908765
ChCaWorks_install_cq: 0:00:20.300044
