ListWorksALL: 0:01:08.108877
ChCaWorks_install_cq: 0:00:16.710146
CHCO_works_chco_on_test1: 0:00:00.000020
