ListWorksALL: 0:01:53.491233
ChCaWorks_install_cq: 0:00:25.171808
CHCO_works_chco_on_test1: 0:00:00.000011
CQ format all ql all_c_desc: 0:00:48.120522
Create git list all_c_desc: 0:31:08.800615
