ListWorksALL: 0:01:45.917555
ChCaWorks_install_cq: 0:00:18.516231
