ListWorksALL: 0:02:03.953849
ChCaWorks_install_cq: 0:00:19.245421
CHCO_works_chco_on_test1: 0:00:00.000015
CQ format all ql All_SORT_UNIQ: 0:00:47.930670
Create git list All_SORT_UNIQ: 0:30:39.556466
