ListWorksALL: 0:01:48.510113
ChCaWorks_install_cq: 0:00:23.702339
CHCO_works_chco_on_test1: 0:00:00.000013
