ListWorksALL: 0:01:57.818528
ChCaWorks_install_cq: 0:00:22.187972
