ListWorksALL: 0:02:17.965024
ChCaWorks_install_cq: 0:00:18.817026
CHCO_works_chco_on_test1: 0:00:00.000019
