ListWorksALL: 0:01:46.946620
ChCaWorks_install_cq: 0:00:17.746950
