ListWorksALL: 0:09:41.401518
ChCaWorks_install_cq: 0:00:19.390846
CHCO_works_chco_on_test1: 0:00:00.000015
