ListWorksALL: 0:21:27.884809
ChCaWorks_install_cq: 0:00:18.498975
