ListWorksALL: 0:00:01.757628
StAnWorks_install_cq: 0:00:27.294639
