ListWorksALL: 0:01:42.261090
ChCaWorks_install_cq: 0:00:17.155341
CHCO_works_chco_on_test1: 0:00:00.000013
CQ format all ql all_forks_c_desc: 0:00:35.130914
Create git list all_forks_c_desc: 0:32:07.142328
