ListWorksALL: 0:01:57.837249
ChCaWorks_install_cq: 0:00:19.512804
