ListWorksALL: 0:01:46.946620
ChCaWorks_install_cq: 0:00:17.746950
CHCO_works_chco_on_test1: 0:00:00.000011
