ListWorksALL: 0:03:43.249052
ChCaWorks_install_cq: 0:00:37.099266
