ListWorksALL: 0:00:03.863682
ChCaWorks_install_cq: 0:01:46.478971
