ListWorksALL: 0:01:39.402096
ChCaWorks_install_cq: 0:00:18.681966
