ListWorksALL: 0:01:49.718121
ChCaWorks_install_cq: 0:00:19.749277
