ListWorksALL: 0:01:51.382196
ChCaWorks_install_cq: 0:00:15.309055
