ListWorksALL: 0:01:42.800663
ChCaWorks_install_cq: 0:00:21.501185
