ListWorksALL: 0:01:49.924213
ChCaWorks_install_cq: 0:00:17.215278
CHCO_works_chco_on_test1: 0:00:00.000014
CQ format all ql cqurls0521: 0:00:44.109184
Create git list cqurls0521: 0:31:05.448992
