ListWorksALL: 0:08:17.242850
ChCaWorks_install_cq: 0:00:22.552110
