ListWorksALL: 0:02:06.288050
ChCaWorks_install_cq: 0:00:20.152097
