ListWorksALL: 0:01:48.624360
ChCaWorks_install_cq: 0:00:17.920457
