ListWorksALL: 0:02:05.822028
ChCaWorks_install_cq: 0:00:24.208010
CHCO_works_chco_on_test1: 0:00:00.000046
