ListWorksALL: 0:01:33.052270
ChCaWorks_install_cq: 0:00:16.477988
CHCO_works_chco_on_test1: 0:00:00.000013
CQ format all ql manual_list_asc_uniq: 0:00:31.631273
Create git list manual_list_asc_uniq: 0:37:12.337509
