ListWorksALL: 0:01:45.931502
ChCaWorks_install_cq: 0:00:17.969864
