ListWorksALL: 0:02:10.119170
ChCaWorks_install_cq: 0:00:23.795130
CHCO_works_chco_on_test1: 0:00:00.000010
