ListWorksALL: 0:01:38.172973
ChCaWorks_install_cq: 0:00:20.096585
CHCO_works_chco_on_test1: 0:00:00.000009
CQ format all ql all_c_desc: 0:00:40.773101
