ListWorksALL: 0:02:18.906118
ChCaWorks_install_cq: 0:00:18.299994
