ListWorksALL: 0:02:02.762566
ChCaWorks_install_cq: 0:00:20.079598
CHCO_works_chco_on_test1: 0:00:00.000015
CQ format all ql cqurls0521: 0:00:46.704952
Create git list cqurls0521: 0:31:57.292734
