ListWorksALL: 0:01:51.440374
ChCaWorks_install_cq: 0:00:19.681573
CHCO_works_chco_on_test1: 0:00:00.000012
CQ format all ql manual_list_asc_uniq: 0:00:39.749991
