ListWorksALL: 0:01:43.292151
ChCaWorks_install_cq: 0:00:18.247588
