ListWorksALL: 0:00:05.303471
ChCaWorks_install_cq: 0:00:18.452619
