ListWorksALL: 0:01:44.373671
ChCaWorks_install_cq: 0:00:16.520100
