ListWorksALL: 0:08:26.601336
ChCaWorks_install_cq: 0:00:16.593881
CHCO_works_chco_on_test1: 0:00:00.000012
