ListWorksALL: 0:07:51.011386
ChCaWorks_install_cq: 0:00:18.332111
