ListWorksALL: 0:01:44.401885
ChCaWorks_install_cq: 0:00:19.409175
CHCO_works_chco_on_test1: 0:00:00.000014
CQ format all ql all_forks_c_desc: 0:00:38.983656
