ListWorksALL: 0:01:57.373700
ChCaWorks_install_cq: 0:00:17.501378
CHCO_works_chco_on_test1: 0:00:00.000011
