ListWorksALL: 0:07:37.804438
ChCaWorks_install_cq: 0:00:21.360899
CHCO_works_chco_on_test1: 0:00:00.000014
