ListWorksALL: 0:02:11.312099
ChCaWorks_install_cq: 0:00:20.122829
