ListWorksALL: 0:02:03.600149
ChCaWorks_install_cq: 0:00:22.074233
