ListWorksALL: 0:07:46.199804
ChCaWorks_install_cq: 0:00:23.101806
