ListWorksALL: 0:08:12.663476
ChCaWorks_install_cq: 0:00:19.643194
