ListWorksALL: 0:01:43.193996
ChCaWorks_install_cq: 0:00:21.780001
CHCO_works_chco_on_test1: 0:00:00.000019
