ListWorksALL: 0:07:44.437243
ChCaWorks_install_cq: 0:00:22.747831
