ListWorksALL: 0:01:51.489767
ChCaWorks_install_cq: 0:00:18.450894
