ListWorksALL: 0:02:43.664234
ChCaWorks_install_cq: 0:00:19.622337
CHCO_works_chco_on_test1: 0:00:00.000018
