ListWorksALL: 0:21:28.539044
ChCaWorks_install_cq: 0:00:21.072049
CHCO_works_chco_on_test1: 0:00:00.000014
