ListWorksALL: 0:08:23.196107
ChCaWorks_install_cq: 0:00:23.178077
