ListWorksALL: 0:01:53.757225
ChCaWorks_install_cq: 0:00:19.417781
