ListWorksALL: 0:01:57.170123
ChCaWorks_install_cq: 0:00:23.090001
CHCO_works_chco_on_test1: 0:00:00.000017
