ListWorksALL: 0:01:37.911922
ChCaWorks_install_cq: 0:00:19.017576
