ListWorksALL: 0:01:35.579008
ChCaWorks_install_cq: 0:00:19.203909
CHCO_works_chco_on_test1: 0:00:00.000012
