ListWorksALL: 0:08:26.838473
ChCaWorks_install_cq: 0:00:18.427893
