ListWorksALL: 0:07:32.538739
ChCaWorks_install_cq: 0:00:22.745012
