ListWorksALL: 0:01:57.905768
ChCaWorks_install_cq: 0:00:20.789257
