ListWorksALL: 0:01:57.722552
ChCaWorks_install_cq: 0:00:21.833928
