ListWorksALL: 0:09:47.072227
ChCaWorks_install_cq: 0:00:37.054700
CHCO_works_chco_on_test1: 0:00:00.000015
