ListWorksALL: 0:01:45.625162
ChCaWorks_install_cq: 0:00:19.948065
