ListWorksALL: 0:00:01.636011
ChCaWorks_install_cq: 0:00:16.180670
