ListWorksALL: 0:02:00.056229
ChCaWorks_install_cq: 0:00:23.078793
CHCO_works_chco_on_test1: 0:00:00.000013
CQ format all ql all_c_desc: 0:00:48.396513
