ListWorksALL: 0:01:53.308981
ChCaWorks_install_cq: 0:00:25.383767
