ListWorksALL: 0:01:44.555454
ChCaWorks_install_cq: 0:00:18.135901
CHCO_works_chco_on_test1: 0:00:00.000011
CQ format all ql all_update_cpp_asc: 0:00:33.182041
