ListWorksALL: 0:01:51.462662
ChCaWorks_install_cq: 0:00:23.272424
CHCO_works_chco_on_test1: 0:00:00.000011
