ListWorksALL: 0:01:44.401885
ChCaWorks_install_cq: 0:00:19.409175
