ListWorksALL: 0:01:57.342828
ChCaWorks_install_cq: 0:00:22.177274
CHCO_works_chco_on_test1: 0:00:00.000014
CQ format all ql manual_list_asc_uniq: 0:00:43.988698
