ListWorksALL: 0:01:56.667007
ChCaWorks_install_cq: 0:00:23.518183
