ListWorksALL: 0:01:32.090779
ChCaWorks_install_cq: 0:00:17.282121
CHCO_works_chco_on_test1: 0:00:00.000010
CQ format all ql cqurls0521: 0:00:36.380692
Create git list cqurls0521: 0:30:38.030107
