ListWorksALL: 0:09:41.401518
ChCaWorks_install_cq: 0:00:19.390846
