ListWorksALL: 0:01:53.598981
ChCaWorks_install_cq: 0:00:20.991304
CHCO_works_chco_on_test1: 0:00:00.000012
CQ format all ql manual_list_asc_uniq: 0:00:43.953836
