ListWorksALL: 0:01:46.339977
ChCaWorks_install_cq: 0:00:27.893713
CHCO_works_chco_on_test1: 0:00:00.000012
CQ format all ql cqurls0521: 0:00:41.849849
