ListWorksALL: 0:01:47.261848
ChCaWorks_install_cq: 0:00:18.069735
