ListWorksALL: 0:08:53.979180
ChCaWorks_install_cq: 0:00:18.557537
