ListWorksALL: 0:01:49.557259
ChCaWorks_install_cq: 0:00:25.030540
