ListWorksALL: 0:02:07.975400
ChCaWorks_install_cq: 0:00:20.317780
CHCO_works_chco_on_test1: 0:00:00.000012
CQ format all ql All_SORT_UNIQ: 0:00:54.805533
Create git list All_SORT_UNIQ: 0:30:34.612343
