ListWorksALL: 0:02:03.953849
ChCaWorks_install_cq: 0:00:19.245421
