ListWorksALL: 0:08:18.684552
ChCaWorks_install_cq: 0:00:21.745590
