ListWorksALL: 0:01:34.532294
ChCaWorks_install_cq: 0:00:17.296479
