ListWorksALL: 0:02:03.600149
ChCaWorks_install_cq: 0:00:22.074233
CHCO_works_chco_on_test1: 0:00:00.000015
