ListWorksALL: 0:01:35.579008
ChCaWorks_install_cq: 0:00:19.203909
