ListWorksALL: 0:01:49.370376
ChCaWorks_install_cq: 0:00:17.185335
CHCO_works_chco_on_test1: 0:00:00.000012
CQ format all ql manual_list_asc_uniq: 0:00:39.495704
Create git list manual_list_asc_uniq: 0:32:17.684033
