ListWorksALL: 0:01:51.658866
ChCaWorks_install_cq: 0:00:19.873105
