ListWorksALL: 0:01:59.777238
ChCaWorks_install_cq: 0:00:19.479775
