ListWorksALL: 0:03:20.980956
ChCaWorks_install_cq: 0:00:25.258796
