ListWorksALL: 0:02:01.301789
ChCaWorks_install_cq: 0:00:19.965603
CHCO_works_chco_on_test1: 0:00:00.000015
CQ format all ql all_help_c_desc: 0:00:46.660910
