ListWorksALL: 0:02:11.221678
ChCaWorks_install_cq: 0:00:23.724434
