ListWorksALL: 0:07:12.843761
ChCaWorks_install_cq: 0:00:21.826383
