ListWorksALL: 0:01:55.302161
ChCaWorks_install_cq: 0:00:26.718411
CHCO_works_chco_on_test1: 0:00:00.000012
CQ format all ql manual_list_asc_uniq: 0:00:38.883992
