ListWorksALL: 0:01:55.862607
ChCaWorks_install_cq: 0:00:26.873543
