ListWorksALL: 0:01:57.905768
ChCaWorks_install_cq: 0:00:20.789257
CHCO_works_chco_on_test1: 0:00:00.000023
CQ format all ql all_forks_c_desc: 0:00:41.158840
