ListWorksALL: 0:02:03.453325
ChCaWorks_install_cq: 0:00:19.952724
