ListWorksALL: 0:01:56.303509
ChCaWorks_install_cq: 0:00:17.469685
CHCO_works_chco_on_test1: 0:00:00.000014
