ListWorksALL: 0:07:41.108594
ChCaWorks_install_cq: 0:00:19.076128
