ListWorksALL: 0:02:04.383647
ChCaWorks_install_cq: 0:00:24.037188
CHCO_works_chco_on_test1: 0:00:00.000011
CQ format all ql All_SORT_UNIQ: 0:00:47.183790
Create git list All_SORT_UNIQ: 0:31:13.546292
