ListWorksALL: 0:01:39.037177
ChCaWorks_install_cq: 0:00:18.915079
