ListWorksALL: 0:02:07.799482
ChCaWorks_install_cq: 0:00:18.571114
