ListWorksALL: 0:01:52.786943
ChCaWorks_install_cq: 0:00:19.115306
