ListWorksALL: 0:01:51.927799
ChCaWorks_install_cq: 0:00:22.175177
