ListWorksALL: 0:01:58.713403
ChCaWorks_install_cq: 0:00:18.543589
