ListWorksALL: 0:01:53.860399
ChCaWorks_install_cq: 0:00:21.864009
CHCO_works_chco_on_test1: 0:00:00.000011
CQ format all ql All_SORT_UNIQ: 0:00:46.183145
