ListWorksALL: 0:07:59.086485
ChCaWorks_install_cq: 0:00:19.690455
CHCO_works_chco_on_test1: 0:00:00.000011
