ListWorksALL: 0:01:42.221601
ChCaWorks_install_cq: 0:00:18.366933
