ListWorksALL: 0:01:51.927799
ChCaWorks_install_cq: 0:00:22.175177
CHCO_works_chco_on_test1: 0:00:00.000015
CQ format all ql manual_list_asc_uniq: 0:00:41.147404
Create git list manual_list_asc_uniq: 0:32:23.481130
