ListWorksALL: 0:01:49.505164
ChCaWorks_install_cq: 0:00:20.279995
CHCO_works_chco_on_test1: 0:00:00.000012
CQ format all ql all_c_desc: 0:00:46.517314
