ListWorksALL: 0:01:53.879839
ChCaWorks_install_cq: 0:00:18.580909
