ListWorksALL: 0:02:18.906118
ChCaWorks_install_cq: 0:00:18.299994
CHCO_works_chco_on_test1: 0:00:00.000019
