ListWorksALL: 0:01:47.162965
ChCaWorks_install_cq: 0:00:20.060453
CHCO_works_chco_on_test1: 0:00:00.000012
