ListWorksALL: 0:01:57.355622
ChCaWorks_install_cq: 0:00:17.534880
