ListWorksALL: 0:01:55.862607
ChCaWorks_install_cq: 0:00:26.873543
CHCO_works_chco_on_test1: 0:00:00.000012
