ListWorksALL: 0:07:24.989804
ChCaWorks_install_cq: 0:00:21.599348
CHCO_works_chco_on_test1: 0:00:00.000011
