ListWorksALL: 0:02:58.106311
ChCaWorks_install_cq: 0:00:20.445981
