ListWorksALL: 0:01:33.206094
ChCaWorks_install_cq: 0:00:23.472646
CHCO_works_chco_on_test1: 0:00:00.000010
CQ format all ql All_SORT_UNIQ: 0:00:39.038128
Create git list All_SORT_UNIQ: 0:31:25.614738
