ListWorksALL: 0:01:43.439365
ChCaWorks_install_cq: 0:00:26.153198
CHCO_works_chco_on_test1: 0:00:00.000014
CQ format all ql all_c_desc: 0:00:40.939421
Create git list all_c_desc: 0:32:11.174600
