ListWorksALL: 0:06:16.675499
ChCaWorks_install_cq: 0:00:18.547739
