ListWorksALL: 0:01:58.012465
ChCaWorks_install_cq: 0:00:16.983847
