ListWorksALL: 0:01:46.806944
ChCaWorks_install_cq: 0:00:19.380084
