ListWorksALL: 0:09:16.420001
ChCaWorks_install_cq: 0:00:21.219697
