ListWorksALL: 0:01:48.624360
ChCaWorks_install_cq: 0:00:17.920457
CHCO_works_chco_on_test1: 0:00:00.000014
CQ format all ql manual_list_asc_uniq: 0:00:38.795403
Create git list manual_list_asc_uniq: 0:31:21.837951
