ListWorksALL: 0:01:46.718884
ChCaWorks_install_cq: 0:00:19.571462
