ListWorksALL: 0:01:42.975270
ChCaWorks_install_cq: 0:00:15.625180
