ListWorksALL: 0:01:52.826565
ChCaWorks_install_cq: 0:00:19.954818
CHCO_works_chco_on_test1: 0:00:00.000012
