ListWorksALL: 0:09:01.283244
ChCaWorks_install_cq: 0:00:19.649168
