ListWorksALL: 0:02:04.829081
ChCaWorks_install_cq: 0:00:23.450862
CHCO_works_chco_on_test1: 0:00:00.000012
