ListWorksALL: 0:02:04.652309
ChCaWorks_install_cq: 0:00:19.587330
