ListWorksALL: 0:01:49.651770
ChCaWorks_install_cq: 0:00:19.055763
