ListWorksALL: 0:01:53.700115
ChCaWorks_install_cq: 0:00:22.029393
CHCO_works_chco_on_test1: 0:00:00.000012
CQ format all ql all_c_desc: 0:00:48.232442
Create git list all_c_desc: 0:30:58.166850
