ListWorksALL: 0:01:51.780628
ChCaWorks_install_cq: 0:00:20.105241
CHCO_works_chco_on_test1: 0:00:00.000017
CQ format all ql All_SORT_UNIQ: 0:00:40.427783
Create git list All_SORT_UNIQ: 0:30:47.304623
