ListWorksALL: 0:07:42.374875
ChCaWorks_install_cq: 0:00:18.813990
CHCO_works_chco_on_test1: 0:00:00.000014
