ListWorksALL: 0:00:01.857510
ChCaWorks_install_cq: 0:00:17.528748
