ListWorksALL: 0:01:43.832600
ChCaWorks_install_cq: 0:00:20.729809
CHCO_works_chco_on_test1: 0:00:00.000012
