ListWorksALL: 0:08:06.397208
ChCaWorks_install_cq: 0:00:17.483692
