ListWorksALL: 0:01:39.241838
ChCaWorks_install_cq: 0:00:15.955815
