ListWorksALL: 0:01:51.382196
ChCaWorks_install_cq: 0:00:15.309055
CHCO_works_chco_on_test1: 0:00:00.000011
CQ format all ql cqurls0521: 0:00:38.151862
