ListWorksALL: 0:01:51.557610
ChCaWorks_install_cq: 0:00:19.294386
CHCO_works_chco_on_test1: 0:00:00.000017
