ListWorksALL: 0:08:37.012211
ChCaWorks_install_cq: 0:00:18.762390
CHCO_works_chco_on_test1: 0:00:00.000014
