ListWorksALL: 0:01:42.818885
ChCaWorks_install_cq: 0:00:17.294590
