ListWorksALL: 0:01:05.110608
ChCaWorks_install_cq: 0:00:18.968176
CHCO_works_chco_on_test1: 0:00:00.000019
