ListWorksALL: 0:08:48.212127
ChCaWorks_install_cq: 0:00:22.450172
