ListWorksALL: 0:01:43.420646
ChCaWorks_install_cq: 0:00:17.833729
CHCO_works_chco_on_test1: 0:00:00.000011
CQ format all ql cqurls0521: 0:00:40.512764
Create git list cqurls0521: 0:30:22.658268
