ListWorksALL: 0:01:51.067925
ChCaWorks_install_cq: 0:00:19.290732
