ListWorksALL: 0:08:03.304279
ChCaWorks_install_cq: 0:00:20.036092
