ListWorksALL: 0:01:33.285791
ChCaWorks_install_cq: 0:00:16.031206
