ListWorksALL: 0:01:55.341753
ChCaWorks_install_cq: 0:00:21.602712
CHCO_works_chco_on_test1: 0:00:00.000014
CQ format all ql All_SORT_UNIQ: 0:00:48.143608
