ListWorksALL: 0:01:45.562880
ChCaWorks_install_cq: 0:00:18.762697
CHCO_works_chco_on_test1: 0:00:00.000012
