ListWorksALL: 0:07:44.864501
ChCaWorks_install_cq: 0:00:20.296037
CHCO_works_chco_on_test1: 0:00:00.000015
