ListWorksALL: 0:07:48.529705
ChCaWorks_install_cq: 0:00:17.690978
CHCO_works_chco_on_test1: 0:00:00.000015
