ListWorksALL: 0:01:38.153575
ChCaWorks_install_cq: 0:00:18.351960
