ListWorksALL: 0:01:52.546250
ChCaWorks_install_cq: 0:00:16.821558
