ListWorksALL: 0:01:57.460273
ChCaWorks_install_cq: 0:00:20.075688
CHCO_works_chco_on_test1: 0:00:00.000015
