ListWorksALL: 0:01:54.167446
ChCaWorks_install_cq: 0:00:17.462866
CHCO_works_chco_on_test1: 0:00:00.000013
CQ format all ql all_forks_c_desc: 0:00:43.486398
Create git list all_forks_c_desc: 0:32:42.857111
