ListWorksALL: 0:01:56.258948
ChCaWorks_install_cq: 0:00:18.569579
