ListWorksALL: 0:07:51.011386
ChCaWorks_install_cq: 0:00:18.332111
CHCO_works_chco_on_test1: 0:00:00.000011
