ListWorksALL: 0:01:53.699760
ChCaWorks_install_cq: 0:00:18.252676
CHCO_works_chco_on_test1: 0:00:00.000014
CQ format all ql all_help_c_desc: 0:00:43.211535
