ListWorksALL: 0:01:48.337139
ChCaWorks_install_cq: 0:00:20.009392
CHCO_works_chco_on_test1: 0:00:00.000013
CQ format all ql manual_list_asc_uniq: 0:00:39.496790
