ListWorksALL: 0:01:55.906549
ChCaWorks_install_cq: 0:00:21.861104
