ListWorksALL: 0:01:56.218730
ChCaWorks_install_cq: 0:00:18.290202
CHCO_works_chco_on_test1: 0:00:00.000011
