ListWorksALL: 0:02:12.081315
ChCaWorks_install_cq: 0:00:22.503897
CHCO_works_chco_on_test1: 0:00:00.000011
CQ format all ql All_SORT_UNIQ: 0:00:56.457250
Create git list All_SORT_UNIQ: 0:31:19.726824
