ListWorksALL: 0:02:10.285726
ChCaWorks_install_cq: 0:00:19.527303
