ListWorksALL: 0:07:56.444859
ChCaWorks_install_cq: 0:00:20.403150
