ListWorksALL: 0:01:47.380198
ChCaWorks_install_cq: 0:00:20.893225
CHCO_works_chco_on_test1: 0:00:00.000011
