ListWorksALL: 0:02:04.226086
ChCaWorks_install_cq: 0:00:24.653397
CHCO_works_chco_on_test1: 0:00:00.000011
