ListWorksALL: 0:07:56.444859
ChCaWorks_install_cq: 0:00:20.403150
CHCO_works_chco_on_test1: 0:00:00.000011
