ListWorksALL: 0:02:06.091228
ChCaWorks_install_cq: 0:00:19.333504
CHCO_works_chco_on_test1: 0:00:00.000012
CQ format all ql all_c_desc: 0:00:53.618814
