ListWorksALL: 0:01:47.940999
ChCaWorks_install_cq: 0:00:19.347380
