ListWorksALL: 0:01:53.267690
ChCaWorks_install_cq: 0:00:19.062170
