ListWorksALL: 0:08:50.822931
ChCaWorks_install_cq: 0:00:21.314664
