ListWorksALL: 0:01:42.903241
ChCaWorks_install_cq: 0:00:17.231242
