ListWorksALL: 0:08:11.504071
ChCaWorks_install_cq: 0:00:22.818041
CHCO_works_chco_on_test1: 0:00:00.000014
