ListWorksALL: 0:08:37.650704
ChCaWorks_install_cq: 0:00:23.234951
