ListWorksALL: 0:01:39.044244
ChCaWorks_install_cq: 0:00:21.950387
