ListWorksALL: 0:01:58.644261
ChCaWorks_install_cq: 0:00:18.755705
CHCO_works_chco_on_test1: 0:00:00.000015
CQ format all ql all_help_c_desc: 0:00:44.545707
Create git list all_help_c_desc: 0:32:23.732121
