ListWorksALL: 0:01:58.263130
ChCaWorks_install_cq: 0:00:19.023510
