ListWorksALL: 0:01:58.012465
ChCaWorks_install_cq: 0:00:16.983847
CHCO_works_chco_on_test1: 0:00:00.000015
CQ format all ql all_help_c_desc: 0:00:46.882438
Create git list all_help_c_desc: 0:31:24.510029
