ListWorksALL: 0:00:03.941137
ChCaWorks_install_cq: 0:00:19.935929
