ListWorksALL: 0:01:57.818528
ChCaWorks_install_cq: 0:00:22.187972
CHCO_works_chco_on_test1: 0:00:00.000015
CQ format all ql all_c_desc: 0:00:47.309474
Create git list all_c_desc: 0:30:47.947882
