ListWorksALL: 0:02:00.898097
ChCaWorks_install_cq: 0:00:17.969516
