ListWorksALL: 0:02:07.471221
ChCaWorks_install_cq: 0:00:22.689054
CHCO_works_chco_on_test1: 0:00:00.000018
