ListWorksALL: 0:01:30.100568
ChCaWorks_install_cq: 0:00:15.684619
