ListWorksALL: 0:01:47.940999
ChCaWorks_install_cq: 0:00:19.347380
CHCO_works_chco_on_test1: 0:00:00.000012
CQ format all ql All_SORT_UNIQ: 0:00:41.215153
Create git list All_SORT_UNIQ: 0:31:16.481583
