ListWorksALL: 0:00:05.139704
ChCaWorks_install_cq: 0:00:10.414089
