ListWorksALL: 0:01:45.562880
ChCaWorks_install_cq: 0:00:18.762697
