ListWorksALL: 0:08:51.861968
ChCaWorks_install_cq: 0:00:22.238265
