ListWorksALL: 0:01:44.373671
ChCaWorks_install_cq: 0:00:16.520100
CHCO_works_chco_on_test1: 0:00:00.000011
CQ format all ql cqurls0521: 0:00:39.122355
Create git list cqurls0521: 0:30:34.384240
