ListWorksALL: 0:01:51.250678
ChCaWorks_install_cq: 0:00:19.447868
CHCO_works_chco_on_test1: 0:00:00.000014
CQ format all ql cqurls0521: 0:00:41.913224
Create git list cqurls0521: 0:31:15.786611
