ListWorksALL: 0:02:04.647651
ChCaWorks_install_cq: 0:00:18.968052
