ListWorksALL: 0:01:40.719374
ChCaWorks_install_cq: 0:00:19.457987
CHCO_works_chco_on_test1: 0:00:00.000011
