ListWorksALL: 0:01:38.605308
ChCaWorks_install_cq: 0:00:22.133039
CHCO_works_chco_on_test1: 0:00:00.000011
