ListWorksALL: 0:01:56.524772
ChCaWorks_install_cq: 0:00:18.841324
CHCO_works_chco_on_test1: 0:00:00.000013
CQ format all ql all_help_c_desc: 0:00:43.004263
Create git list all_help_c_desc: 0:32:57.660905
