ListWorksALL: 0:01:50.218105
ChCaWorks_install_cq: 0:00:19.001601
