ListWorksALL: 0:02:38.408013
ChCaWorks_install_cq: 0:00:19.444399
CHCO_works_chco_on_test1: 0:00:00.000019
