ListWorksALL: 0:01:34.564963
ChCaWorks_install_cq: 0:00:17.723639
