ListWorksALL: 0:02:09.324149
ChCaWorks_install_cq: 0:00:18.040463
CHCO_works_chco_on_test1: 0:00:00.000014
CQ format all ql cqurls0521: 0:00:47.043561
