ListWorksALL: 0:02:02.768422
ChCaWorks_install_cq: 0:00:19.130951
